1 2
2 2
3 0
4 2
5 2
7 1
8 1
9 2
11 2
13 2
14 1
15 2
16 2
17 2
19 2
20 2
21 2
22 0
23 1
24 2
25 2
28 2
29 1
30 1
32 2
33 1
34 2
36 2
37 1
38 2
39 2
40 2
42 1
44 2
45 0
46 0
47 2
48 1
49 2
50 2
51 2
53 1
55 1
56 2
57 2
58 2
59 2
60 0
62 2
63 1
65 2
66 1
67 1
68 1
70 1
71 0
73 0
74 2
75 2
79 1
80 2
82 1
83 2
84 2
85 1
86 1
87 1
88 2
89 2
90 1
92 1
93 1
94 2
96 2
97 2
98 2
99 1
100 2
101 2
102 2
104 2
106 1
108 2
109 2
110 1
111 0
112 2
113 2
114 1
116 2
117 2
118 1
119 1
120 1
121 0
123 1
124 2
125 2
126 0
128 0
129 2
131 0
132 2
133 1
135 1
136 1
137 1
138 2
139 1
141 0
142 2
143 1
144 0
145 1
146 2
149 2
150 2
151 1
152 0
153 0
154 2
155 1
156 1
157 2
158 2
159 1
160 2
161 2
164 0
165 1
166 2
167 1
168 1
169 2
170 2
171 2
172 2
173 2
174 2
177 1
179 2
180 1
181 1
182 1
186 2
187 2
188 1
190 1
191 2
193 1
194 1
195 2
196 1
197 2
198 1
199 1
200 2
202 2
205 2
207 2
208 2
209 2
210 0
211 2
213 2
214 1
215 1
216 1
217 2
219 1
220 1
221 1
222 1
223 1
225 1
227 0
228 1
229 2
230 1
232 2
233 2
236 1
237 2
238 1
240 2
241 1
242 1
243 2
244 1
245 1
246 2
247 0
248 1
249 2
250 2
251 0
252 2
253 2
254 1
256 2
257 0
258 2
259 2
260 2
261 1
262 0
263 0
264 2
266 0
267 2
268 2
269 1
271 1
272 2
275 2
276 2
277 2
278 2
279 2
281 0
283 2
284 1
285 2
288 2
289 2
292 2
296 1
298 2
300 1
302 2
304 2
305 2
306 2
307 2
309 1
310 2
311 1
314 1
315 1
316 2
317 1
319 2
320 0
321 2
323 2
324 2
326 2
328 2
329 1
330 2
332 2
333 1
334 1
335 1
336 2
339 1
340 2
342 0
343 1
344 2
346 2
347 2
348 2
349 1
350 1
351 2
352 2
353 2
354 2
355 1
356 2
357 0
359 2
360 1
362 1
364 2
365 2
366 2
367 1
368 2
369 2
370 2
372 0
373 2
374 1
375 2
376 2
377 1
379 0
381 1
383 2
385 2
386 2
387 2
388 2
389 0
390 1
391 2
392 2
393 2
394 1
396 2
397 1
398 1
402 1
403 2
406 1
408 2
409 1
410 2
411 1
414 1
415 2
416 1
417 1
418 2
419 0
420 0
425 2
426 2
427 1
428 1
429 2
430 2
431 0
433 2
435 1
436 1
437 2
438 1
439 2
440 2
441 1
444 2
445 1
446 2
447 2
448 2
452 1
453 2
454 2
455 2
457 2
458 2
459 0
460 2
461 1
462 2
465 2
466 1
467 1
468 2
469 2
470 2
471 2
472 2
473 2
474 0
475 2
476 2
478 1
479 1
481 2
482 2
484 2
485 1
487 2
489 2
490 2
491 2
492 2
493 2
494 1
495 2
496 1
497 2
498 1
499 2
500 2
501 2
503 2
504 2
505 2
506 1
507 2
508 2
509 2
510 1
512 2
513 2
514 0
515 2
516 1
517 2
518 2
520 0
522 2
523 2
525 2
528 2
530 2
531 2
532 2
533 2
536 0
537 2
538 1
541 2
542 2
544 2
545 2
548 2
550 1
551 2
552 2
553 2
554 1
555 2
557 2
558 2
559 1
560 1
561 2
562 2
564 2
565 2
566 2
568 2
570 1
571 1
572 2
573 1
574 2
575 1
576 2
577 2
578 2
579 1
580 2
581 2
585 2
586 2
588 2
590 1
594 2
597 1
598 1
599 2
600 1
602 2
603 2
605 2
607 1
608 2
609 0
610 1
611 1
612 2
613 2
614 2
615 2
618 2
619 2
620 2
622 0
624 2
625 2
626 1
627 1
630 1
631 1
633 1
634 2
635 2
636 1
637 1
640 1
641 1
642 2
643 2
644 1
645 2
648 1
649 1
650 1
651 1
652 1
656 2
657 2
658 2
659 2
660 2
661 2
662 0
663 1
667 2
669 1
670 2
671 2
672 2
673 2
674 2
675 2
678 1
679 2
681 1
684 1
685 2
686 2
687 2
689 1
690 2
691 2
692 1
693 2
694 2
696 2
698 1
699 1
700 2
702 1
703 2
704 0
705 2
706 2
712 2
716 2
717 1
718 2
719 0
720 1
721 1
722 1
724 2
726 2
727 2
728 1
733 2
734 1
735 1
736 1
737 1
739 2
741 2
743 1
744 1
745 1
748 1
750 2
751 0
753 2
755 2
756 1
759 0
760 1
761 2
762 2
764 1
765 2
766 0
769 2
770 0
771 1
772 2
773 1
777 1
779 1
780 2
781 1
783 2
785 1
786 2
787 2
788 2
790 2
791 1
792 2
793 2
795 1
796 2
797 1
801 2
802 1
804 2
805 2
806 2
807 2
808 2
811 2
815 2
816 2
817 2
818 2
823 2
825 1
826 2
827 2
828 2
829 0
833 2
835 1
837 2
838 2
839 2
840 2
841 2
842 2
843 2
844 2
845 1
847 2
848 1
853 1
854 2
855 0
856 2
859 2
861 2
862 1
863 2
864 2
865 2
868 0
869 1
871 2
874 2
878 0
883 1
886 2
887 2
888 1
889 2
892 1
893 0
894 1
895 1
896 2
897 2
898 2
900 1
902 1
903 1
906 1
907 2
909 2
910 2
912 2
913 2
914 2
915 1
918 0
919 1
920 2
921 2
922 1
923 1
924 2
927 1
928 2
929 2
931 2
932 2
933 2
935 2
936 2
937 1
940 2
941 2
942 1
943 2
944 2
946 1
947 2
948 2
949 2
951 2
952 2
953 2
955 2
957 2
958 0
959 2
960 2
962 1
964 2
965 2
966 2
969 1
970 1
971 1
972 2
975 1
976 2
978 1
979 2
981 1
982 1
983 2
984 2
985 1
987 2
988 2
989 2
991 1
992 2
994 1
995 2
999 2
1000 1
1004 1
1007 2
1008 0
1009 2
1010 2
1014 1
1015 2
1016 2
1017 1
1018 2
1019 2
1020 2
1021 2
1023 2
1024 1
1026 2
1027 2
1028 2
1030 2
1031 2
1033 2
1034 1
1035 2
1038 1
1041 2
1042 2
1043 2
1044 0
1046 0
1047 1
1049 2
1050 2
1052 1
1054 1
1058 1
1059 2
1062 1
1064 2
1066 2
1068 0
1069 2
1070 2
1071 2
1072 2
1073 2
1074 2
1075 2
1076 2
1077 1
1078 2
1079 2
1081 2
1083 1
1086 2
1087 2
1088 2
1089 1
1092 2
1093 2
1094 2
1098 1
1099 0
1100 2
1101 1
1103 2
1104 2
1105 2
1107 2
1108 2
1109 2
1110 2
1111 2
1112 1
1115 2
1118 2
1119 1
1123 1
1124 2
1126 2
1130 2
1131 1
1132 2
1133 2
1136 2
1137 1
1139 2
1140 2
1144 2
1145 2
1146 2
1147 1
1148 2
1150 2
1152 2
1154 2
1155 2
1156 2
1157 1
1158 2
1163 1
1165 2
1167 2
1168 2
1171 1
1172 1
1175 2
1177 2
1179 1
1180 1
1181 1
1183 2
1188 2
1189 1
1190 1
1191 2
1193 2
1194 2
1195 1
1197 2
1199 2
1201 2
1202 2
1204 1
1205 2
1206 1
1207 2
1209 1
1211 2
1212 2
1213 1
1214 2
1215 2
1216 2
1217 2
1218 2
1220 2
1222 1
1223 2
1226 2
1227 1
1228 1
1231 2
1232 1
1233 1
1234 2
1236 2
1237 2
1238 1
1239 0
1240 1
1242 2
1243 1
1245 2
1246 2
1247 2
1248 2
1251 2
1252 1
1253 2
1254 1
1256 1
1257 2
1258 2
1259 1
1261 2
1262 2
1263 1
1265 2
1270 1
1271 2
1272 2
1275 2
1277 2
1278 2
1280 1
1282 2
1284 2
1286 2
1289 1
1293 2
1296 1
1297 0
1298 1
1300 1
1303 1
1307 2
1310 2
1311 2
1315 1
1316 2
1318 2
1319 1
1320 2
1322 2
1323 2
1326 2
1327 2
1328 2
1333 2
1335 1
1336 2
1337 1
1338 2
1339 2
1341 2
1343 2
1346 2
1348 2
1349 2
1350 2
1355 2
1356 2
1357 2
1358 2
1361 2
1364 1
1365 2
1366 2
1367 2
1368 1
1369 2
1371 2
1373 0
1374 2
1375 2
1376 1
1377 2
1378 2
1379 2
1380 0
1381 2
1383 0
1384 1
1386 2
1388 1
1389 1
1390 2
1391 2
1393 2
1396 2
1397 2
1398 2
1400 2
1402 2
1404 1
1405 2
1410 2
1411 2
1414 1
1415 2
1416 2
1417 2
1418 2
1420 2
1422 2
1423 2
1425 2
1426 1
1427 2
1429 2
1430 2
1431 1
1432 1
1433 2
1434 2
1436 2
1438 1
1439 2
1440 2
1441 2
1443 1
1445 1
1446 2
1449 2
1450 2
1453 1
1454 1
1456 2
1458 1
1459 2
1461 2
1463 2
1464 1
1466 1
1467 2
1468 1
1469 1
1470 2
1471 2
1472 2
1473 2
1475 2
1477 1
1479 2
1480 0
1481 2
1484 2
1485 2
1486 1
1488 0
1490 1
1492 1
1494 2
1495 2
1497 1
1498 2
1500 2
1501 2
1502 2
1505 2
1506 2
1508 2
1509 2
1510 2
1512 1
1513 2
1514 2
1515 1
1516 2
1517 2
1518 2
1520 2
1521 1
1522 2
1525 2
1527 2
1529 1
1532 2
1534 2
1536 1
1537 2
1539 2
1540 1
1541 2
1543 1
1544 1
1545 2
1547 2
1551 1
1552 2
1553 1
1554 0
1558 0
1559 2
1560 2
1561 0
1563 2
1564 1
1565 2
1566 2
1567 0
1568 2
1571 2
1572 1
1573 2
1574 2
1576 2
1578 2
1579 1
1580 2
1581 2
1582 2
1585 2
1586 2
1587 1
1588 0
1589 2
1590 1
1592 2
1593 0
1595 2
1596 2
1597 2
1598 1
1599 1
1600 1
1601 2
1602 2
1603 2
1604 2
1607 2
1608 1
1609 2
1610 2
1612 2
1614 2
1615 0
1616 0
1617 2
1618 1
1619 2
1620 1
1622 1
1623 2
1625 2
1627 2
1629 2
1631 1
1633 2
1635 2
1637 2
1638 1
1640 2
1646 1
1647 0
1648 2
1652 2
1654 2
1656 2
1657 1
1659 2
1660 2
1661 2
1662 2
1663 2
1667 1
1672 2
1675 2
1677 1
1679 1
1680 2
1682 2
1683 2
1684 2
1686 2
1687 1
1689 1
1690 2
1691 1
1695 1
1697 2
1700 2
1701 1
1702 2
1704 1
1706 2
1707 1
1708 1
1710 2
1712 2
1714 1
1717 2
1718 2
1719 2
1720 1
1721 1
1722 2
1725 2
1730 2
1731 2
1732 2
1733 2
1734 2
1735 2
1736 1
1737 1
1738 2
1740 2
1741 2
1742 2
1743 0
1745 2
1747 2
1749 2
1750 1
1752 2
1753 1
1754 1
1755 2
1758 2
1760 0
1761 2
1763 2
1764 2
1766 2
1769 1
1771 2
1772 2
1773 2
1774 1
1777 1
1778 1
1781 1
1783 2
1784 2
1785 0
1789 2
1790 2
1792 2
1793 2
1795 2
1796 2
1797 1
1801 2
1804 2
1805 2
1806 2
1808 0
1811 1
1812 2
1813 1
1814 2
1815 1
1816 1
1817 2
1818 2
1819 2
1820 2
1821 2
1823 2
1824 1
1826 1
1827 1
1828 2
1829 2
1833 1
1835 2
1838 2
1839 2
1841 0
1842 2
1843 2
1844 0
1845 0
1846 2
1849 1
1850 1
1851 2
1852 2
1853 1
1854 1
1855 2
1856 2
1858 2
1859 2
1862 2
1864 1
1865 2
1866 2
1867 1
1868 2
1869 0
1871 2
1872 0
1873 2
1874 1
1875 2
1877 2
1878 2
1885 2
1887 2
1888 1
1890 2
1893 1
1894 2
1898 0
1900 2
1901 2
1905 2
1906 2
1908 2
1909 2
1910 2
1911 2
1912 1
1913 2
1915 2
1916 2
1917 2
1918 1
1920 2
1921 2
1922 2
1925 1
1926 2
1929 2
1930 1
1931 1
1933 1
1935 1
1936 2
1937 2
1938 2
1939 2
1942 2
1943 2
1944 2
1948 2
1949 2
1952 2
1954 2
1956 2
1957 2
1958 1
1960 2
1962 2
1963 2
1964 2
1965 2
1967 2
1968 2
1969 2
1970 1
1971 2
1973 2
1974 1
1976 2
1977 2
1979 1
1980 1
1982 2
1983 2
1984 1
1985 1
1986 0
1987 2
1990 2
1991 2
1992 2
1993 1
1996 2
1997 2
1999 2
2001 1
2003 1
2006 2
2008 2
2009 2
2010 2
2011 2
2012 2
2015 0
2019 2
2020 1
2021 1
2022 2
2023 2
2024 1
2026 2
2027 1
2028 2
2029 2
2031 2
2032 2
2035 2
2036 1
2037 1
2038 1
2045 2
2047 0
2048 2
2050 2
2051 1
2054 2
2055 2
2056 1
2057 2
2059 2
2060 2
2062 2
2063 2
2064 1
2069 2
2071 2
2073 2
2075 2
2078 1
2080 2
2081 2
2083 1
2086 2
2087 2
2088 1
2092 2
2095 0
2097 2
2098 2
2099 2
2100 2
2102 2
2106 2
2107 2
2111 2
2112 2
2117 1
2118 1
2119 2
2121 2
2124 2
2125 2
2128 1
2131 2
2133 1
2134 2
2135 1
2137 2
2138 2
2140 1
2147 2
2149 1
2151 2
2152 2
2154 2
2156 2
2161 2
2163 2
2164 2
2167 2
2171 2
2173 2
2174 0
2175 0
2177 1
2179 2
2180 1
2182 2
2183 2
2186 1
2187 2
2188 2
2190 1
2197 2
2201 2
2202 2
2206 2
2207 2
2210 1
2212 0
2216 1
2217 2
2218 2
2219 1
2221 2
2226 0
2228 1
2231 2
2233 2
2235 1
2236 2
2240 2
2243 2
2249 1
2250 0
2252 1
2253 2
2254 2
2257 2
2258 1
2259 2
2261 2
2263 2
2264 2
2265 2
2266 2
2267 2
2269 1
2270 2
2271 2
2274 2
2275 2
2280 1
2282 1
2287 2
2288 2
2289 2
2291 2
2292 2
2293 2
2294 2
2297 2
2298 2
2299 2
2304 2
2306 0
2308 1
2310 2
2311 1
2313 2
2314 1
2316 1
2317 2
2318 0
2320 1
2321 2
2324 1
2327 2
2328 2
2331 2
2332 2
2334 2
2335 2
2336 2
2337 1
2338 2
2339 2
2340 2
2341 1
2342 1
2343 2
2347 2
2350 1
2351 2
2352 2
2355 2
2357 2
2358 1
2359 2
2362 0
2363 2
2366 2
2368 1
2371 2
2372 2
2373 1
2375 2
2376 2
2377 2
2378 0
2379 1
2383 0
2385 1
2386 2
2388 1
2389 2
2390 2
2392 2
2394 2
2395 2
2396 2
2399 2
2401 1
2404 2
2405 2
2408 2
2409 1
2411 2
2413 2
2414 0
2415 2
2418 1
2421 2
2423 2
2427 2
2428 1
2430 2
2434 2
2436 2
2437 2
2439 2
2441 2
2442 2
2446 1
2449 1
2450 2
2451 1
2452 2
2453 1
2454 2
2455 2
2456 2
2460 0
2463 2
2464 2
2465 2
2467 2
2470 2
2471 2
2472 1
2473 2
2475 2
2477 2
2478 2
2481 1
2483 2
2488 1
2490 1
2492 2
2493 1
2496 1
2498 2
2500 2
2501 2
2503 2
2505 1
2509 1
2511 2
2514 1
2515 2
2516 1
2518 2
2519 2
2520 2
2521 2
2522 2
2525 2
2526 1
2527 1
2528 2
2533 2
2535 1
2536 1
2537 2
2538 2
2541 1
2542 2
2549 2
2553 2
2555 2
2556 0
2557 2
2562 2
2564 2
2565 2
2566 2
2567 2
2568 0
2569 1
2570 1
2573 2
2574 2
2576 1
2577 2
2578 2
2580 2
2584 2
2585 1
2586 2
2588 1
2589 1
2590 2
2591 2
2592 2
2593 2
2594 2
2596 1
2598 2
2599 2
2600 2
2601 2
2603 2
2604 2
2605 2
2609 2
2613 2
2615 2
2618 1
2621 2
2622 2
2624 2
2629 2
2632 2
2635 2
2636 2
2637 2
2639 2
2640 2
2641 2
2643 2
2644 2
2645 2
2647 2
2648 1
2649 1
2650 1
2651 2
2655 1
2656 2
2658 2
2662 2
2667 2
2670 1
2671 1
2673 2
2677 2
2678 2
2679 1
2680 1
2681 2
2683 2
2684 2
2688 2
2691 2
2693 1
2694 2
2696 2
2697 2
2700 1
2705 2
2706 2
2709 2
2711 2
2712 2
2713 2
2714 2
2715 1
2717 2
2718 2
2719 1
2721 2
2724 2
2727 2
2731 1
2732 1
2736 2
2738 2
2739 2
2740 2
2741 1
2742 2
2743 1
2745 2
2751 2
2756 1
2757 2
2758 2
2759 2
2760 2
2762 2
2766 2
2767 2
2771 2
2773 2
2774 2
2776 2
2780 1
2782 2
2783 2
2784 2
2785 2
2787 2
2790 2
2794 1
2796 1
2802 2
2803 1
2805 2
2807 2
2808 2
2809 2
2811 2
2812 2
2815 2
2816 2
2818 2
2819 2
2823 2
2826 1
2827 2
2828 1
2830 2
2831 2
2832 2
2833 2
2837 1
2840 2
2845 0
2847 2
2850 1
2854 1
2860 2
2862 2
2865 2
2871 2
2872 2
2873 1
2874 2
2876 2
2877 2
2878 2
2879 2
2880 2
2881 2
2883 2
2884 2
2885 2
2888 2
2890 2
2892 1
2893 2
2895 2
2896 2
2898 1
2902 0
2903 2
2904 2
2905 2
2906 2
2907 2
2908 2
2914 2
2915 2
2916 2
2917 1
2919 2
2920 2
2922 2
2923 2
2924 1
2926 2
2927 1
2929 2
2933 2
2935 2
2936 2
2940 2
2941 2
2942 2
2943 2
2944 2
2949 1
2950 1
2951 0
2958 2
2960 2
2963 2
2964 2
2965 2
2966 2
2969 2
2971 2
2973 2
2975 0
2976 2
2977 2
2978 2
2980 2
2982 2
2983 2
2985 1
2988 2
2991 2
2993 2
2994 2
2996 2
2998 2
3005 1
3008 2
3009 2
3011 2
3012 2
3015 0
3017 2
3019 2
3020 0
3021 1
3024 0
3025 1
3026 2
3032 2
3037 2
3041 2
3043 2
3044 2
3045 0
3046 2
3050 2
3051 1
3052 2
3056 1
3057 2
3059 1
3062 2
3063 0
3064 2
3068 2
3070 0
3071 2
3076 2
3078 2
3079 2
3084 2
3085 2
3086 2
3088 2
3095 1
3104 1
3105 2
3108 2
3110 0
3111 2
3112 2
3113 2
3115 1
3116 2
3117 2
3120 2
3122 2
3125 2
3126 1
3127 2
3129 2
3132 1
3133 1
3137 2
3138 2
3142 2
3145 2
3149 2
3152 2
3154 2
3156 2
3160 2
3162 2
3166 2
3168 2
3169 2
3171 2
3176 2
3177 2
3178 1
3179 2
3182 2
3183 2
3184 2
3185 2
3187 2
3188 2
3190 2
3191 2
3199 2
3200 2
3206 2
3207 2
3210 2
3211 2
3213 2
3215 2
3216 1
3220 2
3221 1
3222 2
3226 2
3229 2
3230 2
3233 2
3234 2
3235 2
3237 2
3239 0
3241 2
3242 1
3243 2
3245 0
3248 2
3250 2
3251 0
3254 2
3255 2
3256 2
3258 2
3259 2
3262 1
3263 0
3265 2
3268 0
3271 2
3272 2
3273 1
3275 2
3276 2
3277 1
3278 2
3288 2
3289 2
3292 2
3294 2
3296 2
3299 2
3300 2
3302 2
3303 2
3304 2
3305 0
3314 1
3315 2
3317 2
3318 2
3321 2
3325 1
3326 2
3328 2
3329 2
3335 1
3336 1
3338 2
3339 2
3340 2
3342 2
3343 2
3344 2
3346 0
3349 2
3352 2
3355 2
3356 2
3358 2
3359 2
3360 1
3361 2
3366 2
3367 2
3369 2
3370 2
3372 2
3373 1
3375 2
3376 2
3377 1
3379 2
3383 2
3385 0
3390 2
3391 2
3392 2
3393 2
3394 2
3395 2
3398 1
3399 2
3400 2
3402 2
3407 2
3412 2
3415 2
3417 2
3418 2
3423 2
3424 2
3425 0
3426 2
3428 1
3430 2
3432 2
3434 2
3436 1
3439 1
3442 2
3446 2
3448 2
3449 2
3450 2
3452 2
3453 1
3454 2
3455 2
3457 2
3458 2
3460 1
3465 2
3466 1
3467 1
3471 1
3472 2
3473 2
3474 2
3475 2
3478 1
3481 2
3482 2
3483 2
3485 2
3486 2
3488 2
3492 2
3494 2
3496 2
3497 2
3499 2
3501 0
3505 2
3508 2
3512 2
3513 2
3514 2
3516 2
3517 1
3520 2
3522 2
3525 2
3528 2
3529 2
3533 1
3534 1
3535 2
3537 1
3538 2
3539 1
3542 2
3543 2
3545 2
3546 1
3549 2
3552 2
3553 2
3554 2
3555 1
3557 1
3558 2
3560 0
3564 2
3566 2
3567 0
3569 2
3577 2
3578 2
3579 0
3586 2
3587 1
3589 2
3592 1
3593 2
3598 2
3601 2
3604 2
3605 1
3606 2
3607 2
3608 2
3610 2
3612 2
3614 2
3618 2
3619 2
3626 1
3627 1
3628 2
3629 2
3631 1
3632 2
3633 1
3636 2
3638 2
3641 2
3645 2
3648 2
3650 2
3655 2
3661 1
3662 2
3665 2
3666 2
3667 0
3669 2
3670 2
3673 1
3676 2
3679 2
3682 2
3683 2
3684 2
3685 2
3687 2
3688 2
3689 2
3690 2
3691 1
3693 1
3695 1
3698 2
3703 1
3704 2
3708 1
3710 2
3715 1
3716 2
3723 2
3724 2
3728 2
3735 2
3737 2
3743 1
3745 1
3746 2
3747 2
3748 2
3749 2
3751 1
3753 2
3760 2
3762 2
3763 1
3765 2
3767 2
3768 2
3770 1
3773 2
3775 2
3777 2
3778 1
3779 1
3781 2
3782 2
3787 1
3789 2
3790 2
3792 2
3793 2
3797 2
3800 2
3801 1
3803 2
3804 2
3808 1
3810 1
3811 2
3813 1
3814 2
3815 2
3818 2
3821 1
3823 2
3825 1
3829 2
3835 2
3836 2
3838 2
3839 2
3843 1
3848 2
3849 2
3850 2
3851 1
3853 2
3855 0
3856 2
3858 1
3860 2
3862 0
3863 2
3864 2
3866 2
3876 2
3878 2
3879 1
3880 2
3881 2
3884 2
3885 2
3886 1
3892 2
3893 2
3894 2
3897 0
3898 2
3900 1
3903 2
3906 2
3911 1
3917 2
3918 1
3919 2
3922 2
3925 2
3930 1
3933 1
3935 1
3937 2
3939 2
3940 2
3941 2
3942 2
3944 1
3945 1
3946 1
3953 2
3954 1
3957 1
3958 0
3959 2
3960 1
3962 1
3967 1
3970 1
3972 2
3973 1
3976 2
3977 2
3979 2
3981 2
3982 1
3984 2
3985 0
3987 1
3991 2
3992 2
3993 1
3994 2
3997 2
4009 1
4010 0
4011 2
4012 2
4014 2
4015 0
4017 2
4018 2
4022 2
4023 2
4024 2
4032 2
4033 2
4034 2
4036 1
4039 2
4041 2
4044 2
4047 1
4048 2
4050 2
4054 2
4055 2
4056 2
4057 2
4060 2
4063 1
4064 1
4066 0
4069 2
4070 2
4072 2
4081 2
4083 2
4085 2
4086 2
4087 1
4088 2
4095 2
4098 2
4099 1
4107 2
4113 2
4114 2
4119 1
4120 2
4122 2
4124 2
4125 2
4126 2
4127 2
4128 2
4129 2
4130 2
4131 2
4132 2
4135 2
4136 1
4137 2
4138 2
4139 2
4140 2
4142 2
4146 1
4147 2
4148 2
4151 2
4152 1
4158 2
4159 2
4160 2
4162 2
4163 2
4164 2
4165 1
4166 1
4168 2
4170 1
4171 2
4173 2
4174 2
4175 2
4176 1
4177 2
4183 2
4191 0
4192 2
4195 2
4197 2
4198 2
4199 2
4201 2
4205 1
4209 1
4211 2
4214 2
4215 1
4216 1
4219 1
4221 1
4222 0
4223 2
4225 1
4226 2
4227 1
4237 2
4238 2
4240 2
4247 2
4249 2
4252 1
4255 0
4259 2
4262 1
4264 0
4265 2
4266 1
4267 0
4268 2
4270 2
4271 2
4273 2
4276 2
4279 2
4281 2
4282 2
4283 2
4286 2
4288 2
4289 2
4291 2
4293 1
4294 2
4295 2
4296 2
4299 2
4302 0
4307 2
4308 1
4309 2
4311 1
4313 2
4314 2
4317 0
4319 2
4320 2
4321 2
4325 2
4328 2
4329 2
4330 2
4332 2
4333 2
4336 2
4343 2
4345 2
4347 2
4348 2
4349 2
4355 2
4357 2
4360 2
4361 2
4364 1
4367 2
4369 2
4370 0
4373 2
4375 2
4379 2
4380 2
4382 1
4385 2
4387 2
4388 2
4389 2
4401 1
4402 1
4403 0
4404 2
4406 1
4407 2
4408 2
4409 0
4411 2
4412 2
4413 2
4416 2
4417 2
4419 2
4420 1
4423 2
4431 2
4434 2
4438 1
4449 2
4450 2
4451 1
4453 0
4454 2
4457 2
4458 2
4459 2
4462 2
4463 2
4464 2
4470 2
4471 2
4475 1
4478 2
4480 2
4481 1
4482 2
4483 2
4484 1
4487 2
4488 1
4493 2
4494 2
4497 2
4503 2
4504 2
4512 0
4517 1
4519 2
4520 2
4524 1
4525 2
4530 0
4531 2
4539 2
4544 2
4545 2
4548 2
4549 2
4550 0
4553 2
4555 2
4558 2
4559 2
4561 2
4567 2
4571 2
4572 2
4573 2
4574 2
4575 1
4576 2
4580 2
4582 1
4584 1
4585 2
4586 2
4587 2
4590 2
4592 2
4593 2
4594 2
4599 1
4600 2
4603 2
4604 2
4605 2
4606 2
4611 1
4615 2
4616 2
4620 2
4621 0
4623 2
4628 1
4631 2
4633 2
4634 2
4640 2
4641 2
4642 1
4644 1
4648 2
4652 2
4654 2
4661 1
4662 2
4663 2
4665 2
4667 2
4668 2
4669 1
4672 2
4674 2
4677 0
4678 2
4679 2
4680 2
4681 2
4684 2
4687 2
4688 2
4689 2
4690 2
4693 2
4694 2
4696 0
4697 2
4698 0
4699 2
4702 2
4705 2
4707 2
4708 2
4709 2
4714 2
4718 1
4719 2
4721 2
4724 2
4728 1
4730 0
4732 2
4733 2
4734 2
4739 2
4740 1
4741 2
4742 0
4744 2
4749 2
4751 2
4752 2
4754 2
4761 2
4762 0
4773 2
4774 2
4775 2
4776 0
4778 2
4780 2
4781 2
4782 2
4784 2
4785 2
4786 2
4790 2
4791 2
4792 2
4793 2
4796 2
4799 1
4805 2
4809 2
4818 2
4820 2
4821 2
4823 2
4824 2
4825 2
4827 1
4833 2
4834 2
4836 2
4838 1
4839 2
4844 2
4845 2
4848 2
4850 2
4854 2
4855 2
4859 1
4862 2
4864 2
4865 2
4866 2
4870 2
4871 2
4873 1
4876 2
4877 2
4882 2
4883 2
4888 2
4889 2
4893 2
4894 2
4896 2
4897 1
4902 2
4904 2
4907 2
4911 2
4912 2
4914 1
4919 2
4921 2
4922 2
4923 2
4926 1
4927 1
4929 0
4933 1
4934 2
4935 0
4942 2
4947 2
4948 2
4949 2
4954 2
4955 2
4960 2
4962 2
4967 2
4970 2
4971 2
4976 2
4984 2
4986 0
4987 1
4991 2
4994 2
4995 2
4997 2
4999 2
5000 1
5001 2
5004 2
5005 2
5006 2
5011 2
5015 1
5017 2
5018 1
5022 2
5030 2
5033 2
5034 2
5035 1
5037 2
5041 2
5042 2
5047 2
5048 2
5049 2
5053 0
5054 2
5057 2
5061 1
5062 2
5066 2
5070 2
5071 1
5072 0
5077 0
5078 2
5080 2
5082 2
5083 2
5084 2
5085 2
5087 2
5088 2
5090 2
5091 2
5092 2
5093 1
5100 1
5102 2
5103 2
5104 2
5106 2
5113 2
5114 2
5116 2
5117 2
5121 2
5126 2
5127 1
5128 1
5129 2
5133 1
5134 2
5135 2
5136 1
5137 0
5138 2
5144 2
5146 2
5150 1
5153 2
5155 2
5156 1
5163 2
5164 1
5166 2
5167 0
5168 2
5169 2
5170 2
5174 1
5175 2
5177 2
5180 1
5182 2
5183 2
5185 1
5187 2
5190 2
5196 2
5198 2
5201 2
5207 1
5208 1
5209 2
5212 2
5213 2
5218 2
5219 2
5222 0
5225 2
5228 2
5231 0
5233 2
5236 2
5237 2
5238 2
5239 2
5240 1
5242 2
5243 2
5247 2
5249 2
5253 1
5255 2
5257 2
5260 2
5270 2
5273 2
5274 2
5275 1
5278 2
5280 2
5283 2
5284 0
5285 2
5293 2
5298 0
5299 2
5300 2
5301 2
5304 0
5305 1
5307 1
5308 2
5309 1
5311 2
5313 2
5314 1
5320 2
5325 2
5327 2
5328 2
5329 2
5331 2
5337 2
5339 2
5341 2
5344 2
5350 2
5354 1
5356 2
5358 2
5364 2
5368 2
5369 2
5370 2
5377 2
5379 2
5380 2
5383 2
5392 2
5393 0
5396 2
5402 2
5404 2
5405 1
5412 2
5415 2
5418 2
5419 2
5420 2
5421 1
5428 1
5431 1
5432 2
5436 2
5437 1
5442 2
5445 2
5447 2
5450 2
5451 2
5453 2
5454 0
5455 1
5458 0
5459 1
5464 2
5468 2
5469 1
5471 2
5472 2
5479 2
5481 2
5482 0
5485 1
5490 2
5493 2
5501 2
5509 0
5514 2
5517 1
5520 2
5523 2
5527 2
5532 1
5533 2
5535 2
5539 2
5541 2
5544 2
5547 1
5550 2
5551 2
5553 2
5554 2
5556 2
5559 2
5563 0
5564 1
5565 1
5570 2
5572 2
5573 1
5574 2
5577 2
5581 2
5582 2
5585 2
5589 1
5591 2
5592 2
5593 2
5599 2
5601 1
5605 2
5610 2
5611 2
5612 2
5613 2
5619 0
5621 2
5622 0
5623 2
5625 2
5626 2
5629 2
5631 2
5636 2
5646 2
5647 1
5648 2
5651 2
5653 2
5654 2
5655 2
5657 2
5661 0
5668 2
5670 0
5673 2
5675 2
5677 2
5678 2
5679 2
5681 2
5682 1
5688 2
5689 2
5690 2
5691 2
5697 2
5699 1
5700 1
5702 2
5705 0
5707 2
5712 2
5714 1
5717 2
5720 2
5721 2
5724 2
5734 2
5739 1
5741 2
5745 2
5756 1
5759 2
5760 2
5765 1
5768 2
5772 2
5774 2
5776 2
5778 2
5780 2
5784 1
5786 0
5787 2
5790 1
5791 1
5793 1
5797 2
5802 2
5803 2
5804 2
5805 1
5806 2
5807 0
5810 2
5811 2
5814 2
5820 2
5824 2
5829 2
5830 1
5831 1
5832 1
5837 1
5842 2
5844 2
5847 2
5851 2
5852 2
5853 2
5854 2
5860 0
5861 2
5862 2
5863 2
5867 2
5868 0
5870 2
5871 2
5876 1
5879 1
5880 2
5883 2
5884 2
5885 2
5888 2
5893 2
5894 1
5895 2
5897 2
5898 2
5903 2
5906 2
5909 2
5910 2
5912 0
5916 1
5917 2
5921 2
5924 2
5925 2
5926 2
5927 2
5928 2
5933 1
5934 2
5935 2
5941 2
5943 2
5945 1
5947 1
5948 2
5949 2
5951 2
5952 2
5955 1
5958 2
5959 2
5967 2
5970 2
5975 2
5977 1
5981 2
5982 1
5989 2
5994 2
5997 2
5998 2
5999 2
6002 2
6003 2
6004 2
6007 2
6008 2
6011 2
6014 2
6017 2
6028 2
6031 1
6033 2
6034 2
6037 2
6042 2
6044 2
6051 2
6058 1
6061 1
6065 2
6069 2
6072 2
6074 0
6075 2
6076 2
6079 1
6080 2
6081 2
6082 0
6083 1
6084 2
6087 2
6089 2
6093 2
6099 2
6100 0
6107 2
6114 1
6115 2
6117 2
6120 2
6124 0
6125 1
6131 2
6133 2
6139 2
6141 2
6143 2
6147 2
6149 1
6151 2
6152 2
6153 2
6154 2
6158 2
6160 2
6161 2
6162 1
6163 2
6164 1
6166 0
6167 2
6168 2
6174 0
6179 2
6184 2
6185 2
6186 2
6189 2
6191 2
6192 2
6193 2
6194 2
6199 0
6200 1
6203 2
6204 2
6210 2
6212 1
6215 2
6217 2
6219 2
6229 2
6234 2
6235 2
6236 1
6237 2
6240 2
6242 1
6243 2
6244 2
6246 1
6247 2
6249 2
6250 2
6255 2
6257 2
6258 2
6259 2
6260 2
6263 2
6266 2
6279 2
6288 2
6290 2
6295 1
6303 2
6305 2
6308 2
6309 0
6311 1
6317 2
6320 2
6321 2
6322 2
6324 1
6326 2
6327 2
6333 1
6334 2
6335 2
6336 2
6337 1
6344 1
6346 2
6350 2
6352 1
6354 2
6355 2
6356 2
6361 2
6363 2
6364 1
6365 2
6371 1
6372 2
6373 2
6376 2
6377 2
6384 2
6386 2
6389 2
6392 1
6397 2
6398 2
6399 1
6401 2
6406 1
6407 2
6408 1
6413 1
6419 2
6422 2
6425 2
6428 2
6431 2
6441 1
6445 2
6449 0
6459 2
6469 2
6470 2
6472 2
6481 2
6482 1
6483 2
6487 2
6499 2
6500 2
6503 2
6505 2
6508 2
6521 2
6522 1
6524 2
6530 1
6537 2
6539 1
6540 2
6541 2
6546 2
6547 1
6548 2
6554 2
6557 2
6559 2
6562 2
6566 2
6567 0
6568 2
6573 2
6574 1
6585 1
6590 1
6591 1
6596 2
6598 2
6599 2
6605 2
6608 2
6610 1
6612 1
6613 2
6615 2
6616 2
6619 2
6620 2
6621 2
6626 1
6629 1
6631 2
6634 2
6637 2
6641 2
6644 1
6648 2
6649 2
6650 1
6651 2
6659 2
6661 2
6662 2
6664 2
6667 2
6668 2
6669 2
6672 1
6673 2
6677 2
6680 2
6681 1
6684 2
6689 2
6690 1
6692 0
6694 2
6697 2
6700 2
6702 2
6707 2
6709 2
6711 2
6717 2
6718 2
6719 2
6720 2
6721 2
6722 2
6724 1
6725 2
6727 2
6728 1
6729 2
6730 1
6737 1
6741 2
6748 2
6755 0
6756 2
6770 2
6771 2
6772 2
6778 2
6780 2
6788 2
6789 1
6791 2
6796 2
6797 1
6799 2
6802 1
6805 2
6808 2
6814 2
6819 1
6821 2
6822 1
6824 2
6828 2
6832 0
6833 2
6834 2
6836 2
6837 1
6838 2
6839 2
6841 2
6843 1
6844 2
6845 1
6846 2
6849 2
6850 1
6854 2
6855 2
6856 2
6860 2
6861 1
6862 2
6868 2
6869 2
6873 1
6876 2
6878 2
6880 2
6881 2
6883 2
6885 2
6889 1
6890 2
6895 2
6898 1
6901 2
6904 2
6907 2
6908 2
6912 2
6917 2
6918 1
6920 0
6929 1
6938 1
6939 2
6948 2
6949 0
6952 2
6954 2
6955 2
6958 2
6959 2
6962 2
6968 1
6969 1
6971 2
6973 0
6974 2
6976 2
6980 2
6982 2
6983 2
6988 2
6990 2
6991 2
6992 2
7001 0
7002 1
7007 2
7011 2
7016 2
7019 1
7023 2
7024 2
7027 2
7028 2
7030 1
7031 2
7034 2
7039 2
7045 1
7048 1
7050 2
7051 0
7061 2
7063 2
7064 2
7065 2
7069 0
7078 1
7084 2
7085 1
7089 0
7095 0
7097 0
7100 2
7102 2
7104 2
7106 2
7128 0
7129 2
7135 2
7138 2
7139 2
7147 1
7152 2
7154 2
7155 2
7162 1
7171 2
7172 2
7174 2
7177 2
7178 2
7180 1
7182 2
7187 0
7188 2
7191 2
7196 2
7199 2
7200 2
7207 1
7210 2
7214 2
7215 2
7216 1
7217 2
7218 2
7221 2
7223 2
7226 2
7227 2
7230 0
7238 1
7247 2
7250 2
7254 1
7255 0
7258 2
7259 2
7262 2
7264 2
7266 0
7267 2
7268 2
7269 2
7270 2
7271 2
7279 2
7284 2
7286 2
7289 2
7297 0
7298 2
7299 2
7304 2
7306 1
7310 2
7315 2
7316 1
7318 2
7320 0
7321 0
7323 2
7324 2
7334 2
7335 2
7338 2
7339 2
7341 2
7343 1
7344 2
7345 2
7349 1
7361 2
7362 2
7363 2
7367 2
7370 2
7374 1
7375 2
7376 2
7377 1
7383 2
7385 2
7387 2
7394 2
7396 2
7398 1
7400 2
7403 2
7405 2
7409 2
7410 2
7411 2
7415 2
7417 2
7418 2
7421 2
7423 2
7427 2
7432 2
7433 1
7441 2
7444 1
7448 2
7455 2
7456 2
7458 2
7460 0
7461 2
7464 2
7472 1
7474 2
7475 1
7477 2
7481 2
7483 2
7484 2
7487 2
7488 1
7489 2
7493 2
7495 2
7497 2
7498 2
7499 2
7500 2
7501 0
7506 2
7507 2
7509 0
7513 2
7519 2
7523 0
7524 2
7525 2
7533 1
7535 2
7536 2
7538 2
7545 2
7547 2
7551 2
7555 2
7556 2
7558 2
7572 1
7573 1
7574 2
7579 2
7585 2
7588 1
7590 2
7594 2
7597 2
7611 2
7612 2
7621 2
7623 2
7634 2
7636 2
7637 0
7639 2
7641 1
7653 2
7655 2
7658 2
7659 1
7663 2
7667 2
7668 2
7671 1
7678 2
7679 1
7680 2
7686 1
7689 2
7696 2
7701 1
7710 2
7714 2
7718 1
7722 2
7726 2
7727 2
7730 2
7733 2
7739 2
7740 2
7743 1
7744 2
7746 1
7747 2
7749 2
7750 0
7753 2
7760 2
7761 2
7765 2
7767 2
7768 2
7771 0
7776 2
7779 2
7780 2
7781 2
7782 2
7784 2
7785 2
7786 0
7787 2
7788 2
7789 2
7791 2
7792 2
7793 2
7797 2
7798 2
7799 2
7802 2
7806 1
7809 0
7812 2
7817 2
7819 2
7821 2
7822 0
7825 2
7830 2
7831 1
7833 0
7834 2
7835 2
7837 2
7838 1
7842 2
7845 1
7846 2
7849 2
7851 1
7855 2
7857 2
7858 2
7861 1
7863 2
7866 2
7872 2
7873 1
7874 2
7877 0
7879 2
7887 1
7891 2
7897 2
7898 2
7902 0
7903 2
7904 2
7907 2
7912 2
7913 2
7919 2
7921 2
7922 2
7925 2
7939 2
7943 2
7947 2
7949 2
7960 2
7961 2
7962 2
7966 2
7969 0
7971 2
7972 2
7978 2
7980 2
7987 0
7988 2
7989 2
7993 2
7997 2
8005 2
8006 1
8011 2
8012 0
8018 2
8023 2
8026 1
8027 2
8028 2
8029 1
8031 2
8034 2
8039 2
8041 2
8043 2
8045 2
8049 2
8057 2
8058 2
8060 2
8061 2
8064 2
8067 2
8068 2
8069 2
8074 2
8076 2
8077 2
8080 2
8094 0
8099 1
8100 2
8103 2
8110 2
8119 2
8122 1
8123 2
8134 1
8135 2
8140 2
8142 2
8143 2
8144 2
8147 1
8149 2
8150 2
8151 2
8153 2
8157 2
8158 2
8159 1
8161 2
8171 0
8175 2
8176 0
8178 2
8179 2
8180 2
8181 2
8184 2
8189 2
8193 2
8195 2
8196 2
8197 2
8198 2
8201 1
8202 0
8209 0
8213 2
8214 1
8218 2
8231 2
8232 0
8233 0
8234 2
8242 2
8243 2
8244 2
8251 2
8253 2
8255 2
8259 2
8265 2
8267 0
8279 2
8280 2
8282 2
8291 0
8298 2
8300 1
8307 2
8309 1
8311 2
8315 2
8318 2
8320 2
8324 2
8327 2
8337 1
8338 1
8342 1
8343 2
8344 1
8347 2
8348 0
8349 0
8353 2
8355 0
8359 2
8360 2
8362 2
8367 1
8372 2
8374 2
8381 2
8383 2
8385 2
8386 2
8391 2
8399 2
8403 2
8404 2
8406 2
8409 2
8410 1
8417 2
8418 0
8419 2
8420 2
8421 2
8422 2
8423 2
8427 2
8428 2
8429 1
8441 2
8445 2
8448 2
8450 2
8451 2
8460 2
8464 1
8465 2
8471 2
8472 0
8474 2
8480 2
8489 2
8490 2
8492 0
8499 1
8503 2
8505 2
8507 1
8509 1
8511 2
8516 2
8519 0
8521 2
8523 2
8524 2
8525 2
8528 2
8529 0
8530 1
8531 2
8534 2
8535 2
8536 2
8538 1
8540 2
8541 2
8543 2
8545 2
8547 2
8548 2
8555 2
8557 2
8558 2
8559 2
8561 2
8564 2
8566 2
8567 1
8570 2
8583 2
8586 2
8590 2
8591 0
8593 2
8600 1
8601 1
8602 2
8603 1
8605 1
8608 2
8609 2
8612 2
8616 1
8619 2
8626 2
8627 2
8631 2
8633 2
8635 2
8654 2
8656 1
8664 2
8668 2
8675 2
8676 2
8679 2
8682 1
8684 2
8685 1
8686 2
8687 2
8690 2
8692 2
8693 1
8702 2
8705 2
8706 2
8707 2
8713 2
8714 2
8725 1
8726 2
8728 1
8729 2
8732 1
8735 2
8738 1
8740 1
8744 0
8749 1
8752 2
8754 2
8760 2
8761 1
8766 1
8768 1
8770 2
8771 2
8773 2
8785 1
8792 2
8794 2
8799 2
8804 1
8815 2
8816 1
8817 2
8826 1
8827 2
8829 1
8832 2
8835 2
8836 0
8840 2
8847 1
8849 2
8853 2
8855 2
8858 2
8859 2
8862 2
8866 0
8876 2
8880 0
8885 2
8890 2
8891 1
8893 2
8899 1
8900 2
8904 2
8907 2
8908 2
8911 1
8918 2
8920 2
8929 2
8935 2
8937 2
8940 2
8942 2
8947 2
8948 2
8949 2
8951 1
8953 0
8960 1
8968 0
8979 2
8980 2
8981 2
8982 2
8983 0
8985 2
8994 2
8996 2
8998 0
8999 2
9001 2
9004 2
9008 2
9011 0
9016 2
9017 2
9018 1
9019 2
9022 2
9023 1
9025 2
9026 2
9032 2
9036 2
9037 2
9040 2
9044 2
9049 1
9055 2
9056 2
9060 2
9061 2
9062 1
9067 0
9070 2
9072 2
9074 2
9077 2
9079 2
9086 2
9088 1
9092 2
9093 1
9095 2
9099 2
9101 2
9102 0
9103 2
9112 2
9113 2
9116 2
9118 2
9119 2
9130 2
9131 1
9133 2
9140 2
9147 2
9151 0
9157 2
9158 1
9160 2
9161 2
9162 0
9168 2
9175 2
9176 2
9180 0
9183 2
9185 2
9190 1
9194 2
9195 1
9196 2
9198 0
9202 1
9207 2
9209 2
9212 0
9213 1
9215 2
9220 2
9223 2
9224 2
9229 2
9231 1
9232 1
9238 2
9241 1
9242 2
9243 2
9246 2
9247 2
9248 2
9252 2
9259 0
9263 2
9264 2
9266 2
9271 2
9273 2
9274 2
9276 2
9282 1
9283 2
9284 2
9287 2
9291 2
9295 2
9301 2
9302 2
9304 2
9307 1
9312 2
9314 2
9316 2
9319 2
9321 2
9322 2
9323 1
9327 0
9338 2
9342 1
9343 2
9346 2
9350 1
9361 2
9364 2
9366 2
9369 2
9370 2
9372 2
9373 0
9374 2
9375 2
9377 1
9380 0
9381 2
9382 2
9384 1
9385 0
9393 1
9397 2
9400 2
9403 2
9405 2
9406 2
9412 1
9413 2
9417 2
9423 2
9425 1
9426 0
9427 1
9428 2
9441 2
9444 2
9445 2
9447 2
9455 0
9458 2
9460 1
9463 2
9470 2
9472 0
9479 0
9480 1
9481 1
9482 2
9483 1
9495 2
9497 2
9503 2
9506 0
9508 2
9512 2
9516 2
9522 2
9526 2
9528 2
9530 2
9532 2
9534 2
9546 1
9552 2
9555 2
9562 2
9564 2
9569 1
9571 1
9574 2
9575 2
9576 0
9579 1
9582 2
9589 2
9590 2
9594 2
9601 2
9608 1
9609 2
9613 2
9614 2
9615 0
9625 2
9626 2
9631 2
9632 2
9634 2
9636 2
9641 1
9645 2
9650 1
9656 1
9658 2
9659 2
9663 0
9665 2
9669 2
9679 2
9684 1
9687 2
9696 2
9699 2
9700 1
9701 2
9703 2
9705 2
9711 2
9715 1
9717 2
9721 1
9730 2
9731 2
9733 2
9734 2
9738 2
9750 1
9752 0
9753 2
9756 2
9766 1
9768 2
9772 0
9784 1
9793 1
9794 2
9797 0
9800 2
9804 2
9805 2
9811 1
9812 1
9823 2
9832 2
9843 2
9844 0
9845 2
9849 1
9852 2
9859 2
9862 2
9864 2
9867 1
9870 2
9873 2
9874 2
9875 2
9876 1
9880 2
9881 2
9883 2
9885 2
9894 0
9895 2
9900 0
9902 2
9903 2
9907 2
9908 2
9917 2
9924 2
9926 1
9928 2
9929 1
9930 2
9931 2
9932 2
9935 1
9936 2
9938 2
9939 2
9942 1
9944 2
9946 1
9949 2
9960 2
9961 0
9963 1
9964 2
9965 2
9974 1
9981 2
9991 2
9994 2
9997 2
10000 2
10003 2
10007 0
10010 2
10012 0
10013 1
10015 2
10018 2
10021 1
10024 0
10025 0
10026 2
10029 1
10032 0
10033 0
10039 2
10043 2
10047 2
10053 2
10054 2
10057 2
10058 2
10059 2
10060 2
10061 2
10078 2
10079 2
10080 2
10082 1
10084 2
10087 2
10088 2
10089 2
10100 1
10109 1
10113 1
10122 2
10131 1
10132 2
10146 2
10147 2
10150 0
10174 2
10182 2
10186 2
10195 2
10197 2
10198 2
10201 2
10206 2
10207 2
10209 1
10214 2
10222 1
10229 2
10231 1
10232 0
10234 1
10235 2
10239 2
10241 0
10248 0
10252 1
10255 1
10257 2
10259 0
10273 2
10283 1
10284 2
10285 2
10291 2
10293 2
10298 0
10299 2
10301 2
10302 2
10304 1
10307 1
10308 2
10310 2
10311 2
10313 0
10318 1
10319 2
10322 2
10323 2
10332 2
10333 0
10336 1
10338 2
10339 2
10341 2
10345 2
10356 2
10357 1
10365 2
10368 2
10371 2
10376 2
10378 2
10379 2
10381 1
10385 2
10389 2
10390 2
10391 2
10392 2
10397 2
10402 2
10411 1
10412 2
10418 1
10420 2
10422 0
10424 2
10427 0
10438 1
10441 1
10443 0
10444 2
10447 2
10449 2
10451 1
10470 2
10475 2
10477 2
10481 2
10488 2
10493 2
10494 2
10508 2
10512 1
10517 2
10519 2
10521 2
10522 2
10523 2
10527 2
10528 1
10534 1
10535 2
10544 2
10554 2
10558 2
10559 2
10567 2
10570 2
10573 1
10575 1
10576 2
10578 1
10584 2
10586 2
10591 2
10593 2
10594 2
10601 2
10602 2
10603 1
10608 2
10616 2
10621 2
10626 2
10629 1
10630 2
10633 2
10634 2
10635 1
10636 1
10639 1
10648 2
10649 2
10652 2
10660 2
10663 2
10669 1
10670 2
10671 2
10673 2
10676 2
10681 1
10685 2
10686 1
10692 2
10693 2
10697 2
10698 2
10699 1
10701 1
10706 2
10710 1
10723 2
10726 2
10731 2
10742 2
10748 2
10751 2
10752 2
10756 1
10759 0
10762 2
10766 1
10772 2
10774 2
10775 2
10781 2
10783 2
10784 2
10787 1
10789 1
10799 2
10802 2
10807 2
10810 2
10831 2
10833 1
10841 0
10850 2
10856 1
10860 2
10861 1
10871 2
10874 2
10875 1
10878 2
10879 2
10887 2
10889 2
10893 2
10894 0
10902 2
10903 2
10904 1
10905 2
10908 2
10912 2
10930 1
10935 0
10939 2
10941 1
10953 2
10956 2
10957 2
10959 0
10966 1
10967 2
10976 2
10979 2
10984 2
10985 0
10986 2
10989 0
10990 1
10992 0
10996 2
11000 2
11005 0
11007 2
11011 1
11012 2
11015 1
11017 2
11026 2
11037 2
11043 2
11046 2
11048 2
11050 2
11054 2
11056 2
11060 1
11069 2
11072 2
11079 2
11081 2
11082 2
11085 2
11092 2
11101 2
11107 2
11108 2
11116 2
11118 2
11120 2
11122 2
11126 0
11127 2
11129 2
11136 2
11142 2
11144 2
11149 2
11151 2
11154 2
11157 1
11166 2
11167 2
11170 2
11171 2
11175 1
11176 1
11179 2
11184 2
11188 1
11190 2
11198 2
11200 2
11203 2
11208 1
11212 2
11213 1
11214 2
11216 2
11219 2
11221 2
11226 2
11241 2
11242 1
11243 1
11245 2
11247 2
11255 0
11261 2
11262 2
11267 1
11278 2
11280 2
11281 2
11295 2
11303 2
11311 2
11313 1
11316 2
11318 1
11321 2
11326 2
11328 2
11329 2
11331 2
11341 2
11344 0
11345 2
11349 2
11356 2
11360 1
11361 2
11364 2
11367 2
11372 2
11379 2
11382 2
11383 2
11400 2
11402 2
11410 0
11412 2
11431 2
11432 1
11439 0
11442 2
11450 2
11455 0
11456 1
11457 2
11467 2
11469 0
11472 2
11473 0
11475 2
11484 2
11490 2
11491 2
11492 2
11493 1
11502 2
11503 1
11512 2
11515 2
11524 2
11525 0
11529 1
11530 2
11541 2
11543 2
11545 2
11548 2
11550 2
11555 2
11556 0
11559 1
11566 2
11567 2
11569 1
11580 0
11590 2
11591 1
11593 1
11595 2
11596 2
11604 2
11605 2
11606 0
11608 2
11611 2
11622 0
11629 1
11638 2
11644 1
11645 2
11649 0
11650 1
11656 1
11657 2
11665 2
11667 1
11668 2
11673 2
11677 0
11683 0
11694 0
11698 2
11699 2
11704 2
11706 2
11715 1
11723 2
11724 2
11726 2
11738 2
11759 2
11761 2
11765 2
11773 2
11774 2
11775 2
11776 2
11778 2
11779 2
11782 1
11788 2
11792 2
11796 1
11801 2
11803 2
11806 1
11808 1
11815 2
11816 1
11827 2
11832 2
11834 2
11835 2
11841 2
11842 0
11844 2
11845 0
11847 2
11859 2
11862 2
11870 0
11872 1
11876 1
11877 2
11879 2
11880 2
11887 0
11897 2
11899 0
11906 2
11908 2
11912 2
11913 2
11918 2
11919 1
11922 1
11926 1
11933 0
11944 2
11946 2
11948 2
11954 1
11957 2
11961 2
11966 2
11967 2
11968 2
11970 2
11971 2
11979 2
11981 2
11982 0
11987 2
12007 2
12009 2
12012 2
12013 2
12020 2
12022 0
12024 2
12028 2
12029 1
12031 2
12040 2
12046 2
12051 2
12056 2
12057 0
12065 2
12069 2
12075 2
12089 2
12090 2
12091 2
12094 2
12096 2
12101 2
12107 2
12122 2
12127 2
12128 1
12131 0
12132 2
12135 2
12137 2
12138 2
12141 2
12147 1
12148 2
12149 2
12154 1
12158 2
12159 2
12167 1
12173 2
12178 2
12181 2
12187 0
12188 0
12199 2
12202 1
12209 1
12213 0
12217 2
12224 2
12227 1
12230 2
12231 2
12261 2
12263 2
12269 2
12271 2
12276 2
12277 2
12279 2
12280 2
12283 2
12291 2
12294 2
12295 2
12296 2
12298 1
12300 2
12308 0
12310 0
12313 1
12314 1
12315 2
12316 2
12317 1
12321 2
12325 2
12326 2
12331 2
12334 0
12335 1
12341 2
12345 2
12348 1
12351 2
12357 2
12374 2
12377 2
12389 2
12392 0
12399 2
12401 0
12411 0
12419 2
12420 2
12421 2
12424 2
12426 2
12430 1
12436 2
12437 1
12438 1
12440 2
12441 2
12445 2
12449 1
12451 2
12458 2
12459 2
12471 2
12480 1
12481 2
12485 2
12492 2
12493 1
12494 2
12495 1
12496 2
12501 2
12502 2
12507 2
12516 2
12517 1
12520 2
12521 2
12524 2
12525 2
12527 2
12534 2
12536 2
12537 1
12539 2
12540 2
12541 2
12544 1
12551 2
12554 1
12555 2
12558 2
12565 2
12566 0
12570 1
12574 2
12576 0
12583 1
12589 2
12593 1
12594 2
12596 0
12601 2
12603 2
12605 1
12611 2
12616 2
12617 2
12621 2
12622 2
12626 2
12633 2
12639 2
12643 2
12646 2
12647 2
12671 2
12675 1
12676 2
12679 0
12681 2
12686 2
12691 2
12698 2
12699 2
12702 2
12704 2
12707 2
12714 2
12715 2
12717 2
12718 2
12719 2
12720 2
12721 2
12723 2
12732 2
12734 1
12739 0
12747 2
12756 2
12759 0
12770 2
12771 2
12775 2
12778 2
12782 2
12783 2
12786 2
12787 2
12790 1
12798 1
12802 2
12808 2
12817 2
12825 1
12830 2
12833 2
12835 1
12839 2
12840 2
12843 2
12846 2
12866 2
12874 2
12879 1
12888 2
12889 1
12917 1
12933 2
12944 2
12945 2
12950 2
12953 2
12955 2
12958 2
12963 2
12972 2
12979 2
12983 2
12993 2
12998 2
13000 1
13003 1
13004 2
13009 2
13011 1
13012 2
13014 2
13020 2
13026 2
13028 1
13030 2
13031 2
13037 0
13042 1
13053 2
13064 0
13066 1
13097 1
13101 2
13107 0
13108 2
13114 2
13119 2
13121 2
13122 1
13128 2
13134 2
13137 2
13142 1
13143 2
13153 2
13157 2
13158 0
13162 2
13166 0
13170 2
13176 2
13178 2
13180 2
13183 2
13185 2
13193 2
13201 2
13204 2
13210 2
13214 2
13216 2
13218 2
13220 1
13223 2
13224 2
13233 1
13234 2
13239 2
13240 2
13242 2
13247 2
13251 0
13253 2
13257 2
13258 2
13260 2
13261 2
13266 2
13268 0
13280 2
13281 2
13287 2
13295 2
13305 2
13307 0
13319 2
13332 2
13344 2
13345 2
13346 2
13351 2
13368 2
13371 2
13372 1
13374 1
13381 2
13384 1
13385 2
13398 1
13399 2
13400 1
13402 0
13406 2
13409 2
13414 2
13419 2
13438 1
13441 2
13446 2
13448 2
13458 0
13469 2
13471 2
13474 2
13478 2
13487 2
13489 2
13504 2
13510 2
13516 2
13517 1
13520 2
13522 2
13526 2
13527 2
13528 2
13529 1
13530 2
13533 2
13539 2
13541 2
13542 2
13543 2
13552 2
13562 1
13570 2
13573 2
13577 2
13582 2
13587 1
13591 2
13592 2
13598 0
13600 2
13606 2
13607 2
13610 2
13613 2
13622 2
13623 1
13624 2
13626 2
13646 2
13655 2
13660 1
13662 1
13669 2
13683 2
13689 2
13692 2
13705 2
13713 2
13715 2
13717 1
13723 2
13730 2
13733 2
13736 2
13740 2
13742 2
13746 2
13757 0
13758 2
13766 2
13772 1
13775 2
13779 0
13782 2
13784 2
13789 1
13790 2
13793 2
13802 0
13806 2
13812 2
13815 1
13822 2
13826 2
13829 1
13836 2
13845 2
13848 2
13849 2
13852 2
13856 1
13857 1
13858 2
13864 2
13869 0
13873 0
13890 1
13892 2
13897 2
13900 2
13904 2
13907 1
13913 1
13916 2
13932 2
13935 2
13936 2
13951 1
13962 2
13966 1
13969 1
13976 0
13978 0
13981 2
13983 0
13988 2
13992 2
13993 2
13996 1
14000 2
14001 1
14002 2
14003 2
14014 2
14016 2
14018 1
14026 2
14030 2
14036 2
14037 0
14047 2
14054 1
14065 2
14068 2
14071 2
14072 1
14077 2
14083 2
14084 2
14093 1
14094 2
14105 0
14113 1
14117 1
14118 2
14128 2
14131 2
14133 2
14141 2
14147 2
14155 2
14159 2
14160 2
14161 1
14172 2
14174 2
14188 2
14195 2
14207 2
14211 2
14212 2
14219 1
14221 1
14225 2
14226 2
14227 1
14231 2
14232 2
14233 1
14236 2
14241 2
14252 0
14253 2
14260 1
14270 2
14271 0
14272 1
14273 2
14278 2
14281 2
14283 2
14291 2
14294 2
14312 0
14317 2
14318 2
14320 2
14323 2
14327 2
14331 2
14333 2
14341 2
14344 2
14358 0
14361 1
14367 2
14369 2
14375 2
14392 2
14393 2
14396 2
14397 1
14398 2
14402 2
14408 1
14409 0
14412 1
14423 1
14428 2
14435 1
14440 2
14443 2
14445 1
14446 2
14448 2
14457 2
14459 2
14466 2
14467 2
14472 2
14474 2
14476 1
14491 1
14492 1
14495 2
14507 2
14515 2
14516 1
14519 2
14520 2
14528 2
14541 2
14550 2
14551 2
14552 1
14560 1
14562 1
14564 2
14571 2
14575 2
14578 2
14586 2
14588 2
14589 2
14590 2
14592 2
14608 1
14613 0
14614 2
14637 2
14647 1
14656 2
14672 2
14675 2
14677 2
14687 2
14702 1
14704 1
14705 2
14707 1
14713 2
14725 2
14735 2
14737 2
14743 0
14744 2
14749 2
14753 1
14767 0
14772 0
14775 1
14782 2
14785 2
14789 2
14791 2
14792 0
14795 1
14796 0
14802 0
14803 2
14804 2
14805 2
14807 2
14814 2
14819 2
14825 2
14830 0
14835 2
14853 2
14858 1
14862 2
14866 1
14874 1
14877 2
14904 2
14905 1
14916 1
14932 1
14934 2
14936 2
14937 0
14938 0
14944 2
14945 1
14956 2
14961 2
14967 2
14968 2
14969 2
14979 2
14981 2
14982 2
14987 2
14989 2
14993 2
14994 2
14998 2
15002 2
15007 0
15013 2
15019 2
15024 2
15030 2
15031 1
15032 0
15035 2
15039 2
15040 2
15054 2
15057 2
15058 2
15060 2
15061 0
15068 0
15077 2
15078 2
15082 2
15087 2
15091 2
15096 0
15098 0
15101 1
15109 2
15120 2
15122 2
15127 1
15135 2
15139 2
15145 2
15149 2
15153 1
15164 2
15170 2
15176 2
15177 2
15178 1
15182 2
15186 2
15193 2
15211 1
15215 2
15218 2
15222 2
15227 2
15233 2
15242 2
15243 1
15244 1
15246 1
15252 2
15259 1
15260 2
15265 2
15271 2
15273 2
15284 2
15290 1
15293 2
15295 1
15308 0
15313 2
15315 2
15325 2
15330 2
15332 2
15341 2
15351 2
15358 1
15361 2
15364 0
15378 1
15384 2
15385 0
15386 2
15388 1
15394 2
15395 2
15397 2
15401 2
15402 0
15404 1
15411 2
15424 2
15427 2
15428 0
15430 2
15437 0
15439 0
15446 2
15449 2
15450 1
15451 0
15460 2
15463 2
15492 1
15499 2
15502 1
15504 2
15512 2
15514 0
15517 1
15524 2
15527 2
15546 2
15552 0
15555 1
15558 2
15570 1
15571 1
15584 1
15589 2
15590 2
15608 2
15610 2
15613 0
15624 1
15629 2
15642 2
15650 1
15653 2
15654 2
15657 2
15659 2
15662 1
15664 0
15674 2
15676 1
15679 2
15684 0
15690 0
15694 2
15696 2
15697 2
15698 1
15704 1
15710 2
15715 0
15718 2
15720 2
15726 2
15732 1
15737 2
15742 0
15746 2
15747 2
15748 2
15754 2
15757 2
15774 2
15778 0
15783 2
15784 1
15785 2
15791 2
15797 2
15799 2
15800 2
15813 2
15827 2
15828 2
15836 2
15840 2
15842 0
15855 2
15860 1
15866 2
15867 2
15868 2
15877 1
15880 2
15884 2
15886 2
15892 2
15900 2
15907 2
15912 2
15918 1
15930 0
15934 1
15936 2
15937 2
15939 2
15947 2
15950 0
15952 2
15957 2
15959 2
15960 1
15972 2
15975 2
15976 2
15979 1
15986 2
16012 2
16021 2
16036 2
16040 2
16043 2
16044 2
16047 2
16065 2
16069 2
16072 2
16073 1
16076 1
16078 1
16082 2
16084 0
16102 2
16105 2
16112 1
16130 2
16137 2
16142 2
16143 2
16150 2
16154 2
16156 2
16163 2
16170 2
16184 2
16201 2
16204 1
16206 1
16210 2
16216 0
16217 2
16220 0
16228 2
16229 2
16231 2
16233 2
16234 1
16245 2
16246 2
16249 2
16252 1
16254 2
16255 1
16257 2
16271 2
16273 2
16274 2
16276 2
16281 2
16286 1
16287 1
16293 2
16295 2
16298 2
16299 2
16300 1
16305 2
16315 2
16316 2
16328 2
16331 2
16336 2
16339 2
16351 1
16354 2
16358 2
16364 2
16366 2
16370 1
16380 2
16382 0
16387 0
16390 1
16393 1
16394 1
16396 2
16399 2
16403 2
16414 2
16417 2
16419 2
16436 0
16439 1
16444 2
16453 2
16472 2
16494 2
16501 2
16506 2
16521 2
16523 1
16529 2
16532 2
16534 2
16562 2
16566 2
16569 2
16572 2
16574 0
16575 2
16576 2
16580 1
16583 0
16587 2
16588 2
16589 2
16595 2
16600 1
16606 1
16609 2
16615 2
16627 2
16628 0
16640 0
16644 0
16650 2
16651 2
16659 2
16661 2
16664 2
16665 2
16673 1
16676 2
16679 2
16691 2
16701 2
16704 2
16707 2
16708 0
16710 1
16712 0
16717 0
16726 2
16733 2
16734 2
16740 1
16743 0
16750 2
16757 2
16758 2
16766 1
16769 1
16781 2
16784 0
16795 1
16796 2
16805 2
16806 2
16808 2
16815 2
16825 2
16834 2
16835 2
16836 1
16840 0
16841 0
16850 1
16852 2
16859 2
16874 2
16879 2
16884 2
16885 2
16887 2
16890 2
16899 2
16915 2
16918 2
16928 2
16934 2
16945 2
16957 2
16963 2
16967 2
16970 2
16972 2
16974 2
16977 2
16985 2
16986 2
16988 2
16992 2
16994 2
17004 2
17013 1
17022 2
17044 2
17053 2
17054 1
17055 2
17056 2
17060 2
17065 2
17071 2
17072 2
17076 2
17081 2
17085 0
17087 2
17088 2
17100 2
17107 2
17110 1
17113 2
17120 2
17124 2
17134 2
17143 2
17148 0
17171 2
17176 2
17183 2
17187 2
17190 1
17204 2
17205 1
17206 2
17220 2
17224 2
17226 2
17228 2
17232 1
17234 2
17243 2
17244 2
17249 2
17252 1
17255 2
17256 2
17257 2
17259 1
17260 2
17261 2
17265 2
17267 1
17271 2
17284 1
17286 2
17297 1
17302 2
17308 2
17311 2
17314 2
17327 1
17349 2
17365 2
17377 2
17391 2
17395 2
17399 2
17403 0
17406 2
17412 2
17416 2
17421 0
17424 2
17431 2
17438 2
17448 1
17456 2
17457 2
17460 1
17463 2
17466 2
17469 2
17473 2
17476 2
17477 2
17478 1
17479 1
17486 2
17492 2
17498 1
17507 2
17510 0
17511 1
17525 1
17531 2
17543 2
17549 2
17550 1
17551 2
17567 2
17570 2
17571 2
17572 2
17579 2
17582 0
17584 0
17585 0
17592 1
17598 2
17600 2
17601 2
17608 1
17614 2
17618 2
17621 2
17626 2
17627 2
17635 2
17655 2
17658 2
17670 2
17675 2
17681 2
17689 2
17690 0
17693 2
17705 2
17710 1
17712 2
17723 1
17725 2
17731 2
17732 1
17733 1
17735 2
17736 2
17742 2
17746 2
17747 2
17754 2
17755 2
17758 2
17781 2
17783 2
17791 2
17796 2
17798 0
17801 1
17808 2
17814 2
17824 2
17831 2
17833 2
17850 2
17852 2
17860 2
17864 2
17870 2
17881 2
17887 2
17892 1
17894 2
17897 2
17901 1
17905 2
17907 1
17908 2
17909 2
17911 2
17915 2
17925 2
17930 2
17942 2
17947 2
17953 2
17954 2
17965 2
17967 2
17972 2
17973 1
17979 1
17980 2
17983 2
17986 1
17990 0
17991 2
17998 2
18010 2
18016 2
18017 2
18020 2
18022 1
18027 0
18029 2
18038 2
18040 0
18042 1
18045 2
18050 2
18054 0
18063 2
18067 2
18078 2
18082 0
18087 1
18096 2
18102 2
18103 2
18111 2
18113 1
18121 1
18127 1
18128 2
18130 1
18134 1
18146 0
18151 2
18153 2
18158 2
18162 2
18165 2
18168 2
18177 2
18183 1
18184 2
18190 2
18192 2
18194 2
18195 1
18198 1
18204 2
18210 0
18212 1
18214 2
18223 2
18225 2
18226 2
18231 0
18236 1
18239 2
18253 2
18264 2
18270 2
18277 0
18283 1
18292 2
18298 0
18307 2
18314 1
18317 2
18333 1
18335 2
18337 2
18340 2
18345 2
18367 0
18376 2
18378 2
18397 2
18403 1
18413 1
18416 2
18418 2
18419 2
18424 1
18449 2
18458 2
18465 2
18466 2
18467 0
18470 2
18482 1
18484 2
18487 2
18493 2
18498 1
18501 2
18502 0
18508 2
18513 0
18522 2
18528 1
18540 0
18546 1
18551 1
18552 2
18555 2
18557 2
18566 2
18569 1
18570 1
18572 1
18576 2
18578 0
18581 2
18582 0
18583 2
18588 1
18590 2
18592 2
18595 1
18601 2
18602 2
18607 2
18608 2
18614 2
18617 2
18622 2
18625 2
18628 1
18634 2
18647 1
18648 2
18651 2
18653 2
18656 2
18658 2
18674 2
18675 2
18677 2
18685 2
18692 2
18694 1
18700 2
18713 1
18718 1
18719 2
18725 1
18727 2
18728 2
18750 1
18755 1
18763 2
18764 2
18782 2
18783 2
18791 2
18793 2
18796 2
18797 2
18799 1
18802 2
18812 2
18814 2
18824 0
18830 2
18836 2
18840 2
18848 2
18851 2
18855 0
18863 2
18866 1
18871 2
18875 1
18892 2
18899 1
18906 1
18907 2
18913 2
18918 2
18931 2
18936 2
18941 2
18943 0
18955 2
18960 2
18962 1
18964 2
18969 2
18975 2
18977 2
18979 2
18996 2
18998 1
19006 2
19011 2
19017 2
19022 1
19027 2
19032 2
19034 1
19044 2
19047 2
19050 2
19059 1
19060 1
19064 1
19067 2
19070 1
19072 0
19076 2
19078 2
19085 1
19091 2
19096 2
19098 2
19106 2
19108 2
19110 2
19119 2
19121 2
19124 2
19126 1
19129 2
19141 2
19152 2
19155 2
19163 2
19164 2
19165 0
19171 1
19180 2
19183 1
19185 2
19187 2
19197 2
19199 2
19203 0
19227 1
19241 0
19245 2
19251 2
19252 2
19253 1
19264 2
19274 2
19301 2
19306 2
19314 2
19320 2
19322 2
19330 2
19334 2
19340 2
19352 2
19375 2
19385 0
19405 1
19407 0
19413 2
19416 2
19424 2
19427 0
19435 2
19441 2
19458 2
19460 2
19464 1
19469 2
19483 2
19484 2
19485 2
19486 1
19493 2
19497 2
19501 2
19512 2
19514 2
19516 2
19529 2
19530 2
19537 2
19542 2
19547 2
19549 2
19554 2
19558 2
19561 0
19567 1
19568 2
19582 1
19589 2
19596 2
19597 1
19611 2
19612 2
19621 2
19626 2
19643 2
19644 2
19653 1
19658 2
19662 2
19670 1
19672 2
19687 2
19688 2
19709 2
19711 1
19722 2
19725 2
19728 2
19732 2
19734 2
19736 2
19738 2
19744 2
19773 0
19776 2
19783 2
19789 1
19796 2
19806 0
19817 0
19823 2
19826 2
19828 2
19840 2
19841 2
19846 2
19847 2
19849 1
19851 1
19852 2
19854 2
19859 1
19864 2
19865 2
19869 2
19885 2
19890 2
19891 1
19895 2
19905 2
19906 2
19912 2
19914 2
19918 2
19920 2
19929 2
19932 2
19940 2
19942 1
19961 2
19963 2
19968 2
19973 1
19987 1
19988 1
19992 2
19994 0
19996 0
19997 1
19999 1
20006 1
20016 2
20029 1
20033 2
20036 2
20038 2
20049 2
20059 1
20062 1
20063 2
20065 2
20066 1
20079 2
20082 2
20083 2
20084 2
20089 2
20092 2
20094 1
20099 2
20107 0
20118 1
20125 2
20126 2
20132 2
20134 1
20135 1
20138 0
20143 2
20146 2
20167 0
20172 1
20182 2
20183 2
20184 0
20185 2
20192 2
20196 2
20203 2
20211 1
20212 2
20215 1
20220 1
20223 2
20224 2
20225 2
20226 1
20233 2
20247 2
20250 2
20252 2
20261 2
20262 2
20269 2
20270 2
20276 2
20280 1
20283 2
20290 1
20292 2
20295 2
20302 2
20306 2
20315 2
20320 2
20321 2
20323 2
20345 1
20352 2
20356 2
20357 2
20362 2
20366 2
20367 2
20375 2
20378 0
20383 2
20388 2
20393 1
20404 2
20405 2
20406 2
20407 2
20418 2
20420 1
20429 2
20435 2
20440 2
20467 2
20468 2
20471 2
20480 2
20481 1
20483 2
20487 1
20492 0
20495 2
20502 0
20508 2
20510 2
20519 0
20522 0
20525 1
20541 2
20554 1
20559 2
20571 2
20574 2
20577 2
20593 2
20597 2
20605 2
20607 2
20618 2
20619 0
20631 2
20633 2
20641 1
20642 2
20643 0
20654 2
20664 1
20666 0
20673 2
20677 1
20690 2
20698 1
20704 2
20706 2
20711 2
20725 2
20727 2
20728 2
20742 2
20756 0
20764 1
20769 2
20780 2
20785 2
20786 2
20788 2
20795 2
20804 2
20812 2
20826 2
20845 2
20852 2
20854 2
20864 2
20870 2
20873 2
20877 2
20882 1
20889 2
20903 2
20912 2
20916 2
20918 1
20920 2
20921 2
20922 2
20936 2
20942 2
20952 2
20953 0
20959 2
20960 0
20968 2
20979 2
20982 2
20985 2
20987 2
20988 2
20997 0
21002 2
21006 2
21007 2
21037 2
21049 0
21053 1
21058 2
21063 2
21067 2
21075 2
21084 2
21087 0
21095 2
21105 1
21109 2
21111 2
21120 2
21127 0
21129 2
21137 2
21154 1
21156 2
21159 2
21171 2
21174 2
21180 2
21182 1
21184 0
21189 1
21196 1
21212 2
21217 0
21220 2
21228 1
21231 2
21235 2
21240 2
21243 2
21246 2
21269 0
21274 2
21276 2
21278 2
21282 0
21287 2
21288 1
21297 2
21319 1
21325 2
21342 2
21354 2
21357 2
21361 2
21370 2
21376 2
21383 2
21384 2
21390 0
21396 2
21397 1
21401 2
21420 1
21423 2
21424 2
21428 1
21432 1
21435 2
21457 2
21458 0
21459 2
21469 1
21470 2
21473 2
21474 2
21479 1
21480 2
21491 2
21495 2
21507 2
21512 2
21521 2
21524 2
21525 2
21527 2
21528 2
21534 2
21537 0
21538 2
21541 0
21545 2
21553 1
21558 2
21560 2
21565 2
21566 0
21574 2
21588 2
21606 2
21607 2
21612 2
21622 2
21623 1
21626 2
21627 2
21634 2
21636 2
21638 1
21643 2
21657 2
21659 2
21668 2
21672 2
21678 2
21687 2
21697 1
21705 1
21709 2
21710 1
21720 2
21724 1
21729 2
21733 2
21737 2
21741 2
21757 2
21758 2
21762 2
21776 2
21781 0
21790 0
21791 2
21799 0
21820 2
21831 0
21837 2
21848 2
21849 0
21854 2
21855 0
21861 2
21865 2
21866 2
21871 2
21876 2
21890 0
21895 2
21896 2
21899 1
21903 1
21905 1
21908 2
21919 1
21922 2
21924 0
21925 2
21926 2
21927 2
21929 2
21932 0
21934 2
21952 2
21956 2
21958 1
21960 2
21970 2
21971 2
21973 0
21978 2
21986 1
21994 2
21999 2
22009 1
22012 2
22015 2
22016 2
22022 1
22025 2
22036 0
22039 2
22045 2
22059 2
22062 2
22066 1
22068 2
22075 2
22077 2
22086 2
22091 1
22093 2
22112 2
22114 2
22115 1
22122 2
22123 0
22131 2
22143 1
22146 2
22147 1
22164 0
22166 0
22180 1
22194 2
22195 2
22200 2
22206 2
22210 1
22214 2
22227 2
22228 2
22233 2
22235 2
22236 2
22242 2
22251 0
22252 2
22254 2
22259 0
22263 2
22264 0
22273 2
22286 2
22292 1
22297 0
22301 1
22305 2
22306 2
22326 2
22330 2
22340 1
22345 2
22349 2
22353 2
22363 2
22370 2
22374 2
22379 0
22383 2
22388 2
22391 2
22410 2
22414 2
22420 2
22422 2
22424 0
22426 2
22434 2
22435 2
22436 2
22447 2
22452 1
22453 2
22454 2
22456 1
22466 1
22470 1
22474 2
22475 2
22483 1
22489 2
22506 2
22511 2
22512 2
22514 0
22517 2
22534 2
22536 2
22541 0
22544 0
22562 0
22563 1
22567 1
22574 0
22593 2
22597 1
22600 2
22603 2
22604 2
22605 1
22606 2
22608 0
22609 0
22612 0
22621 2
22624 0
22626 2
22632 2
22636 1
22640 0
22649 2
22653 2
22664 2
22667 1
22681 1
22685 1
22691 0
22705 2
22707 2
22721 1
22724 2
22729 0
22738 1
22741 2
22742 0
22747 2
22760 2
22761 2
22765 0
22766 2
22767 2
22768 1
22769 2
22770 2
22799 2
22808 2
22815 2
22831 2
22833 1
22834 0
22838 2
22840 2
22855 2
22857 2
22859 2
22867 2
22871 2
22878 2
22884 1
22896 2
22899 0
22903 2
22908 0
22913 1
22914 1
22916 2
22920 2
22921 1
22922 2
22929 2
22938 2
22943 2
22958 2
22959 2
22966 1
22967 2
22975 2
22977 2
22995 2
22999 1
23002 2
23004 2
23019 2
23020 0
23028 0
23030 2
23034 2
23062 2
23065 2
23067 2
23077 2
23080 2
23082 2
23084 2
23086 2
23097 2
23105 2
23122 2
23127 2
23135 2
23140 2
23142 2
23146 1
23149 2
23161 1
23162 2
23164 1
23179 2
23180 2
23182 2
23186 2
23188 2
23191 1
23207 2
23214 1
23224 2
23229 2
23230 2
23237 0
23239 2
23262 2
23300 0
23310 1
23316 2
23321 2
23332 1
23336 1
23342 2
23347 2
23358 2
23365 2
23377 2
23394 2
23400 1
23401 1
23413 1
23422 0
23425 2
23446 2
23448 2
23452 1
23454 2
23458 2
23462 2
23469 1
23471 2
23476 2
23478 2
23485 2
23487 0
23502 2
23505 2
23508 2
23511 2
23519 2
23521 2
23522 2
23530 1
23532 2
23545 2
23547 2
23549 2
23554 2
23562 1
23567 2
23569 0
23570 1
23594 2
23598 2
23624 1
23625 2
23637 2
23643 2
23652 2
23661 1
23662 2
23663 0
23684 2
23687 2
23690 2
23699 2
23703 0
23710 2
23726 2
23733 2
23744 1
23745 2
23751 2
23753 1
23756 0
23758 2
23760 1
23769 2
23776 2
23777 2
23779 2
23783 2
23788 2
23789 2
23794 1
23802 2
23811 2
23820 1
23830 2
23831 2
23835 2
23843 1
23848 2
23856 2
23860 1
23862 1
23865 1
23866 2
23871 2
23891 1
23894 1
23902 1
23916 2
23922 2
23924 0
23928 0
23929 2
23940 2
23943 2
23950 0
23953 0
23957 1
23967 1
23983 2
23987 0
23989 2
23997 1
24005 1
24017 2
24036 2
24043 2
24049 2
24051 2
24056 2
24057 0
24063 2
24065 2
24071 2
24074 0
24075 2
24080 2
24082 2
24091 0
24103 2
24104 2
24106 2
24108 0
24126 2
24133 0
24149 2
24154 2
24155 1
24156 1
24159 2
24164 2
24171 2
24175 2
24177 2
24181 0
24183 2
24191 2
24192 2
24196 2
24225 2
24231 2
24238 2
24252 2
24253 2
24254 2
24257 2
24262 2
24266 2
24297 0
24300 2
24306 2
24318 1
24319 0
24320 0
24330 2
24336 2
24339 2
24344 2
24348 0
24367 2
24374 1
24391 2
24395 2
24410 2
24411 2
24414 2
24419 2
24425 2
24428 0
24432 2
24438 1
24439 2
24460 2
24461 2
24465 2
24466 2
24469 2
24471 0
24472 2
24477 2
24482 2
24495 2
24499 2
24521 2
24523 2
24525 0
24532 2
24536 2
24540 2
24542 2
24547 2
24549 2
24553 2
24558 2
24580 2
24592 0
24594 2
24595 2
24597 2
24599 0
24604 2
24617 2
24620 2
24638 2
24642 0
24643 0
24653 1
24670 2
24676 2
24690 1
24693 2
24698 0
24700 1
24702 1
24704 2
24706 2
24712 1
24733 1
24734 2
24750 2
24756 2
24765 1
24769 2
24770 2
24784 2
24799 2
24804 2
24812 2
24826 0
24827 2
24843 2
24863 2
24866 2
24868 1
24879 0
24886 2
24890 2
24892 2
24898 2
24907 2
24913 2
24923 2
24934 2
24940 2
24945 2
24961 2
24969 2
24975 0
24987 2
24997 2
25004 0
25010 2
25014 2
25026 2
25043 2
25075 0
25079 2
25080 2
25081 2
25082 0
25083 2
25084 2
25097 1
25107 2
25114 2
25119 2
25133 1
25136 2
25141 0
25142 1
25148 0
25153 2
25160 2
25181 0
25193 0
25194 2
25202 2
25208 2
25212 0
25213 2
25214 2
25226 2
25229 2
25238 2
25249 2
25251 2
25262 2
25270 2
25273 2
25280 2
25281 2
25282 2
25288 2
25300 2
25302 1
25321 2
25328 2
25331 2
25351 0
25353 2
25357 2
25383 2
25396 0
25404 2
25413 2
25424 2
25442 1
25452 1
25457 2
25460 0
25464 1
25474 0
25475 2
25481 1
25482 0
25489 2
25496 2
25502 0
25514 2
25515 2
25520 2
25539 2
25557 2
25558 2
25566 2
25573 2
25574 1
25584 2
25587 2
25598 2
25606 2
25623 2
25630 2
25643 2
25652 1
25653 2
25670 2
25671 2
25675 2
25681 2
25688 2
25694 2
25698 1
25705 2
25706 1
25714 0
25716 2
25721 2
25723 1
25725 0
25728 0
25734 2
25744 0
25756 2
25760 0
25772 2
25773 2
25791 2
25792 2
25815 2
25820 0
25831 0
25834 2
25836 2
25855 0
25856 2
25864 0
25867 2
25874 2
25875 0
25876 2
25879 2
25881 0
25883 2
25894 2
25903 2
25909 2
25921 2
25925 2
25942 2
25944 2
25950 1
25975 0
25988 2
25989 2
25997 2
26015 1
26023 1
26032 0
26035 0
26036 2
26038 2
26047 2
26051 2
26052 0
26072 2
26077 2
26089 1
26099 1
26100 0
26101 0
26104 2
26114 2
26127 2
26129 2
26135 1
26145 2
26147 0
26157 0
26162 2
26165 2
26176 0
26177 2
26183 2
26195 2
26197 2
26198 2
26202 2
26205 2
26214 0
26216 2
26222 2
26224 2
26225 2
26243 2
26265 1
26267 0
26269 2
26273 2
26276 2
26295 2
26300 2
26315 2
26336 2
26346 2
26355 2
26358 0
26367 2
26387 2
26392 2
26394 2
26395 1
26401 2
26423 1
26425 0
26431 2
26452 2
26454 1
26457 2
26513 2
26516 1
26519 2
26526 2
26545 2
26548 2
26551 2
26568 1
26577 2
26589 2
26592 2
26603 2
26607 2
26608 1
26609 2
26635 2
26657 0
26670 1
26675 0
26689 1
26711 2
26721 2
26722 1
26731 1
26744 2
26747 2
26762 2
26769 1
26770 2
26773 2
26779 2
26784 2
26785 2
26798 2
26802 2
26832 2
26853 2
26863 2
26865 1
26867 1
26878 2
26879 2
26886 1
26905 1
26906 0
26915 2
26918 2
26920 2
26923 2
26929 2
26935 2
26936 2
26949 0
26959 2
26973 2
26974 2
26976 1
26977 2
26983 2
26985 2
27004 0
27009 2
27013 2
27014 0
27020 1
27023 1
27026 2
27031 2
27039 2
27042 1
27046 2
27050 2
27057 2
27061 1
27067 1
27069 2
27073 2
27082 1
27083 2
27085 0
27088 2
27089 1
27093 2
27103 0
27107 2
27111 2
27117 2
27125 2
27131 2
27142 0
27148 0
27150 2
27165 2
27167 2
27183 2
27184 2
27194 2
27207 2
27216 2
27221 2
27238 1
27242 2
27255 2
27257 0
27272 2
27277 2
27284 2
27286 2
27323 2
27332 2
27338 2
27347 2
27348 2
27350 2
27354 2
27356 2
27361 2
27366 2
27367 2
27371 2
27384 0
27386 2
27387 1
27389 0
27392 2
27396 2
27402 2
27407 1
27408 2
27409 1
27417 0
27425 2
27430 2
27433 1
27441 0
27461 2
27486 2
27487 2
27490 2
27501 2
27508 2
27536 2
27550 2
27566 2
27582 1
27604 1
27609 0
27610 2
27621 2
27628 2
27635 0
27636 0
27637 2
27649 2
27654 2
27655 1
27663 2
27665 2
27671 2
27675 2
27690 2
27700 2
27701 2
27704 2
27726 2
27727 2
27740 2
27745 2
27748 2
27757 2
27759 2
27761 1
27768 2
27769 2
27772 0
27788 2
27801 2
27803 1
27808 0
27818 2
27831 1
27838 2
27862 2
27866 2
27873 2
27879 2
27883 2
27892 2
27911 2
27916 1
27917 0
27926 2
27928 2
27963 0
27964 2
27973 0
27978 0
27981 2
27992 2
27994 1
27996 1
28026 2
28029 0
28047 2
28060 2
28064 2
28070 2
28073 2
28074 2
28092 2
28094 2
28095 2
28129 1
28131 1
28153 2
28163 1
28172 2
28182 2
28197 2
28200 2
28203 2
28204 2
28205 2
28209 2
28218 2
28232 0
28240 2
28241 2
28244 2
28246 2
28249 2
28250 2
28251 2
28252 2
28253 1
28254 2
28255 2
28257 2
28261 2
28267 2
28270 2
28280 0
28286 2
28292 0
28295 2
28316 1
28317 2
28320 2
28330 2
28351 2
28373 2
28374 2
28375 2
28388 2
28400 2
28405 0
28420 2
28460 2
28465 2
28467 2
28485 2
28488 2
28490 2
28492 1
28497 0
28506 2
28542 2
28549 2
28564 1
28599 2
28635 2
28644 1
28661 2
28664 2
28666 2
28669 2
28673 0
28676 2
28682 2
28688 2
28690 1
28692 2
28713 1
28719 2
28739 2
28743 1
28749 2
28754 2
28761 2
28768 1
28779 2
28797 2
28799 2
28800 2
28819 1
28821 2
28822 2
28823 2
28829 2
28830 0
28843 2
28856 2
28858 2
28865 2
28874 2
28876 0
28885 1
28888 0
28893 2
28896 1
28897 1
28899 2
28905 2
28910 2
28924 2
28927 2
28928 2
28931 2
28937 2
28939 2
28946 2
28947 2
28949 2
28962 2
28965 0
28971 2
28972 2
28973 2
28974 0
28978 0
28989 2
29002 2
29003 2
29018 2
29028 2
29043 0
29049 2
29050 1
29069 2
29077 2
29093 0
29103 2
29107 2
29114 1
29121 1
29131 2
29132 0
29137 2
29138 2
29149 1
29152 2
29171 1
29185 2
29197 2
29206 0
29230 1
29246 2
29249 0
29254 2
29257 2
29267 2
29274 0
29278 2
29282 2
29297 2
29307 2
29310 0
29315 2
29319 2
29322 1
29331 0
29340 2
29347 2
29353 2
29354 0
29357 2
29367 1
29370 2
29373 2
29376 2
29381 2
29387 1
29405 2
29417 1
29439 1
29446 2
29451 2
29457 2
29460 2
29466 0
29471 2
29472 2
29477 1
29497 2
29509 2
29510 0
29513 2
29515 2
29521 0
29523 2
29535 2
29543 0
29546 1
29549 2
29551 2
29552 2
29554 2
29557 2
29567 2
29573 2
29585 2
29596 2
29604 2
29608 2
29614 2
29624 1
29637 2
29644 2
29652 0
29659 2
29660 2
29664 0
29671 0
29679 2
29700 2
29701 2
29703 2
29715 2
29719 2
29741 0
29745 2
29748 2
29760 2
29766 2
29782 1
29792 2
29797 2
29798 2
29800 0
29815 2
29817 2
29819 1
29820 2
29827 2
29829 1
29834 2
29835 2
29841 2
29849 2
29850 2
29859 1
29862 2
29881 2
29884 2
29895 2
29899 2
29905 2
29933 2
29934 2
29937 1
29938 0
29953 1
29971 2
29973 0
29981 2
29996 2
30002 2
30011 2
30013 2
30024 2
30036 2
30043 2
30069 2
30087 2
30089 0
30091 0
30094 1
30106 2
30118 2
30119 2
30121 0
30123 2
30129 2
30157 2
30163 2
30165 2
30169 2
30184 1
30191 2
30192 2
30206 2
30207 1
30208 0
30223 2
30227 0
30229 0
30232 1
30239 2
30242 2
30245 2
30252 2
30259 2
30266 2
30271 2
30277 2
30278 0
30304 2
30305 2
30306 2
30310 0
30317 2
30336 2
30338 2
30342 2
30345 2
30351 0
30354 2
30365 0
30421 0
30428 1
30435 0
30443 2
30451 2
30464 2
30465 2
30471 2
30472 1
30482 2
30498 2
30518 1
30550 2
30584 1
30596 2
30630 2
30646 1
30651 0
30657 0
30675 2
30692 2
30696 1
30697 1
30699 0
30703 2
30705 1
30717 0
30723 1
30724 0
30731 2
30746 2
30757 2
30764 2
30765 2
30773 2
30781 2
30782 2
30786 0
30787 1
30802 2
30806 2
30828 2
30832 2
30833 1
30835 2
30846 2
30861 2
30873 0
30875 2
30894 1
30900 2
30917 2
30928 0
30929 2
30942 1
30945 2
30949 2
30974 2
30981 0
30984 2
30998 1
31007 2
31018 2
31037 2
31042 2
31043 2
31048 2
31051 2
31059 2
31064 2
31075 2
31079 2
31097 2
31101 1
31105 1
31114 0
31118 2
31153 2
31154 2
31160 2
31166 2
31168 2
31175 2
31192 2
31210 2
31230 2
31233 0
31246 2
31255 1
31256 1
31263 2
31264 2
31265 2
31271 2
31289 2
31291 0
31312 1
31317 2
31319 0
31330 2
31333 2
31338 2
31356 2
31375 1
31378 2
31388 0
31400 0
31414 2
31419 2
31426 2
31428 0
31429 2
31435 2
31438 0
31444 2
31448 2
31463 0
31465 2
31468 2
31477 2
31493 2
31505 1
31517 0
31522 1
31528 2
31542 2
31549 0
31551 1
31557 2
31577 1
31597 2
31601 2
31603 2
31605 2
31630 1
31634 0
31636 2
31642 2
31650 1
31656 2
31659 2
31671 1
31672 1
31681 2
31683 1
31687 2
31699 2
31706 2
31711 2
31718 1
31723 2
31726 1
31731 2
31734 1
31747 2
31748 2
31755 2
31758 2
31784 1
31789 0
31793 2
31795 1
31815 0
31819 2
31828 2
31835 0
31843 2
31854 2
31858 1
31867 1
31873 1
31892 2
31897 2
31908 2
31910 0
31919 2
31921 1
31940 2
31962 2
31991 0
32013 2
32018 1
32019 1
32020 2
32035 2
32048 2
32049 2
32052 2
32056 2
32057 0
32058 0
32061 1
32064 2
32079 2
32081 0
32095 2
32109 2
32110 2
32115 0
32157 1
32198 2
32210 2
32211 2
32216 2
32240 2
32246 2
32259 1
32266 2
32280 2
32304 0
32311 1
32320 2
32325 1
32330 2
32335 1
32336 0
32349 2
32357 2
32358 2
32362 1
32365 2
32374 2
32375 2
32378 2
32385 1
32451 1
32453 2
32454 2
32456 2
32469 2
32475 2
32477 2
32481 2
32492 1
32528 0
32543 1
32549 2
32559 2
32574 2
32578 2
32584 2
32600 2
32611 0
32612 2
32620 1
32622 1
32636 0
32643 2
32665 2
32678 2
32679 2
32681 2
32690 2
32711 2
32717 0
32719 2
32725 2
32764 2
32774 2
32776 1
32794 1
32813 2
32829 0
32830 2
32835 1
32851 2
32855 2
32866 2
32874 0
32880 0
32882 0
32886 2
32890 0
32900 0
32901 2
32936 0
32940 2
32949 0
32950 2
32962 2
32972 2
32979 2
32981 1
32985 2
33007 2
33015 2
33016 2
33029 0
33031 2
33035 2
33039 0
33042 2
33051 0
33052 2
33057 2
33059 2
33061 2
33062 1
33070 0
33076 1
33087 1
33100 1
33102 1
33107 2
33111 2
33118 2
33122 2
33125 1
33129 1
33142 0
33149 2
33156 2
33162 1
33166 2
33168 2
33169 2
33205 2
33208 2
33220 1
33242 2
33243 2
33266 2
33268 2
33273 2
33274 2
33276 2
33277 2
33284 0
33290 2
33291 2
33295 2
33297 2
33298 0
33301 2
33307 0
33309 2
33316 2
33323 1
33331 1
33333 2
33355 1
33358 2
33371 2
33376 1
33391 2
33401 0
33412 0
33414 1
33418 1
33419 2
33425 0
33434 2
33444 1
33467 2
33472 2
33481 2
33492 2
33494 1
33495 2
33498 0
33507 2
33510 2
33532 2
33534 2
33535 2
33543 2
33546 2
33547 2
33550 2
33570 2
33574 2
33617 2
33621 2
33622 2
33625 1
33627 2
33638 2
33648 2
33657 0
33659 2
33660 2
33662 0
33663 2
33664 2
33665 2
33683 2
33687 1
33703 2
33718 2
33737 1
33739 2
33750 2
33754 2
33776 2
33782 2
33802 2
33806 2
33815 1
33816 2
33817 2
33818 2
33820 2
33824 2
33831 2
33834 2
33837 2
33839 2
33840 2
33841 2
33855 2
33859 1
33860 2
33863 1
33869 0
33870 2
33884 2
33885 2
33893 1
33894 2
33901 2
33903 2
33925 1
33926 2
33937 2
33940 1
33941 0
33946 0
33952 2
33954 2
33968 2
33977 2
33979 2
33983 0
33990 2
33997 0
34008 2
34015 1
34021 2
34026 2
34031 2
34033 2
34043 2
34045 2
34052 2
34079 2
34086 2
34094 2
34108 2
34113 2
34115 0
34119 2
34121 2
34126 0
34127 2
34130 2
34139 2
34141 0
34145 1
34148 2
34156 2
34161 2
34166 2
34168 2
34189 2
34190 1
34194 1
34199 0
34204 2
34227 2
34251 0
34255 2
34265 2
34283 2
34285 2
34308 2
34309 2
34319 2
34322 2
34335 2
34337 2
34346 1
34348 2
34372 2
34373 2
34384 0
34386 2
34400 2
34411 0
34419 0
34445 0
34448 0
34454 2
34460 2
34462 1
34464 2
34468 2
34477 2
34492 2
34497 2
34512 0
34517 2
34521 1
34527 2
34529 0
34532 2
34539 1
34558 2
34559 1
34570 2
34573 0
34583 1
34587 2
34593 2
34599 1
34601 2
34623 1
34637 0
34640 2
34647 2
34659 2
34668 2
34673 2
34676 0
34690 2
34697 1
34714 2
34716 0
34719 2
34734 0
34748 2
34758 2
34770 2
34773 2
34777 0
34782 2
34794 2
34797 0
34801 0
34806 2
34807 2
34817 0
34821 2
34836 2
34842 2
34845 2
34850 2
34854 2
34859 1
34866 2
34867 1
34878 2
34879 2
34886 2
34904 2
34905 2
34908 2
34912 1
34919 0
34922 2
34924 2
34941 2
34943 2
34944 0
34950 2
34957 2
34960 2
34968 1
34970 2
34983 0
34988 1
34992 2
35010 2
35014 2
35019 1
35020 2
35040 2
35042 2
35043 0
35049 2
35060 2
35063 2
35065 1
35078 0
35096 2
35123 0
35125 2
35130 2
35137 2
35140 2
35145 1
35158 2
35159 1
35161 1
35181 2
35186 0
35189 0
35196 2
35202 2
35212 2
35232 2
35263 0
35265 2
35270 2
35272 2
35274 2
35278 1
35282 2
35288 0
35324 2
35333 2
35338 1
35341 2
35342 2
35345 0
35346 2
35359 2
35364 2
35369 2
35370 0
35375 0
35378 2
35391 2
35407 2
35410 2
35427 2
35428 2
35447 2
35454 1
35497 2
35511 2
35518 0
35521 2
35532 1
35536 2
35551 0
35575 2
35586 2
35606 2
35613 1
35616 1
35636 0
35637 2
35643 2
35654 2
35656 2
35665 1
35675 1
35694 2
35722 2
35727 2
35731 0
35740 2
35754 2
35769 2
35775 2
35784 2
35785 2
35788 0
35790 2
35814 2
35824 2
35866 2
35868 2
35872 2
35877 1
35878 0
35896 2
35924 2
35952 1
35964 2
35969 0
35979 2
36013 1
36015 2
36033 2
36081 2
36083 2
36089 2
36090 2
36093 1
36098 1
36099 2
36106 2
36143 2
36152 2
36161 2
36172 0
36183 2
36189 2
36192 1
36198 2
36202 0
36210 2
36217 2
36230 1
36238 2
36239 2
36243 1
36246 2
36275 2
36290 2
36296 2
36302 2
36306 1
36320 2
36333 2
36358 2
36364 2
36372 2
36379 2
36385 1
36387 2
36388 1
36390 2
36392 2
36404 2
36410 1
36412 2
36439 1
36443 2
36450 2
36454 2
36471 2
36472 0
36473 1
36478 2
36488 2
36504 2
36514 2
36516 2
36548 0
36568 2
36569 0
36579 2
36586 0
36593 2
36605 2
36617 2
36641 0
36662 2
36666 0
36673 2
36686 0
36702 2
36724 1
36729 0
36736 2
36738 2
36755 0
36773 2
36813 2
36815 2
36824 2
36833 2
36836 2
36850 2
36856 2
36857 2
36871 1
36875 2
36879 1
36893 1
36897 0
36900 0
36908 2
36909 2
36913 2
36924 2
36954 1
36965 2
36970 2
36991 1
37002 2
37003 2
37035 1
37055 1
37070 2
37072 0
37081 2
37090 2
37099 1
37114 0
37121 2
37124 2
37125 2
37130 2
37135 0
37136 2
37140 2
37184 2
37211 2
37225 2
37229 2
37243 0
37246 2
37258 0
37259 1
37290 1
37291 2
37301 1
37310 2
37341 2
37372 2
37376 2
37398 2
37407 2
37409 2
37416 2
37426 2
37430 0
37437 2
37438 2
37442 2
37447 2
37462 1
37466 2
37475 1
37496 2
37513 2
37522 2
37533 2
37551 2
37562 0
37598 2
37609 2
37627 2
37638 2
37651 2
37660 2
37673 0
37679 1
37691 2
37698 2
37706 0
37715 2
37739 0
37741 2
37745 2
37768 1
37784 2
37785 1
37805 2
37832 0
37838 0
37839 0
37843 0
37851 0
37877 2
37885 2
37895 0
37920 2
37924 2
37934 2
37973 0
37977 1
37992 0
38016 2
38025 2
38035 2
38037 2
38038 2
38040 0
38061 2
38067 1
38070 2
38081 1
38086 1
38090 1
38091 2
38093 0
38107 0
38119 2
38134 1
38135 2
38151 2
38158 0
38179 2
38182 1
38186 2
38190 2
38209 2
38219 2
38221 2
38254 2
38260 2
38261 1
38306 2
38308 1
38316 0
38345 2
38357 2
38365 2
38377 1
38379 2
38391 2
38394 2
38418 2
38419 2
38438 1
38446 2
38458 1
38461 2
38473 0
38476 2
38492 0
38499 0
38515 1
38520 2
38534 2
38537 2
38553 2
38558 0
38581 2
38585 2
38591 0
38594 0
38595 2
38598 1
38614 2
38622 1
38628 2
38638 2
38644 2
38667 2
38685 2
38689 2
38700 2
38714 1
38716 2
38740 0
38747 2
38775 0
38818 2
38827 2
38836 2
38841 2
38855 0
38857 2
38871 1
38879 0
38902 0
38913 0
38916 2
38918 1
38938 1
38962 2
38981 2
38984 0
39007 1
39023 2
39029 2
39030 0
39056 2
39069 1
39070 2
39076 2
39086 2
39098 2
39121 2
39124 2
39135 2
39146 1
39150 2
39161 2
39187 2
39217 2
39219 2
39228 2
39246 0
39257 2
39259 0
39262 0
39269 2
39288 2
39289 0
39293 0
39297 2
39308 2
39309 1
39316 2
39334 0
39337 1
39349 2
39350 2
39360 2
39377 0
39378 2
39397 0
39399 2
39434 2
39448 2
39454 2
39455 2
39458 2
39462 2
39495 1
39504 2
39511 0
39514 2
39520 1
39530 2
39537 2
39548 2
39560 0
39619 2
39647 2
39655 2
39669 1
39675 2
39725 2
39733 2
39743 0
39747 1
39752 2
39756 2
39771 0
39780 2
39784 2
39789 2
39796 0
39805 2
39806 0
39812 2
39814 2
39870 1
39873 0
39880 2
39891 0
39923 2
39928 2
39934 1
39937 2
39945 2
39963 0
39977 2
40010 2
40028 2
40029 2
40048 2
40051 1
40069 1
40072 0
40106 2
40130 2
40148 2
40155 0
40166 1
40171 0
40172 0
40178 2
40196 2
40208 2
40212 2
40248 2
40254 1
40277 2
40303 2
40311 0
40315 2
40316 0
40323 2
40344 2
40355 0
40356 0
40369 2
40373 0
40378 2
40391 1
40392 0
40398 2
40426 1
40436 2
40458 2
40460 0
40465 2
40471 0
40486 2
40487 1
40488 1
40489 0
40510 0
40534 2
40537 1
40553 2
40569 0
40570 0
40588 2
40593 0
40605 0
40608 0
40615 2
40620 0
40670 2
40676 2
40685 2
40693 2
40695 2
40714 2
40730 2
40737 1
40739 2
40744 2
40762 1
40770 0
40829 0
40846 2
40859 2
40861 2
40874 2
40901 2
40910 0
40911 2
40917 2
40927 2
40934 0
40941 2
40944 2
40949 2
40968 2
40979 2
40980 1
40987 2
41008 2
41009 2
41023 0
41034 2
41053 2
41063 2
41065 0
41078 2
41080 1
41092 2
41097 2
41103 2
41116 2
41143 0
41157 2
41185 2
41214 2
41216 2
41231 2
41238 1
41251 1
41256 2
41263 2
41276 0
41278 2
41295 2
41345 0
41348 2
41386 2
41392 2
41400 0
41429 0
41461 2
41471 2
41484 2
41501 2
41509 0
41511 2
41515 0
41528 2
41540 2
41556 0
41561 2
41566 2
41585 2
41595 2
41596 2
41616 1
41619 0
41664 0
41706 2
41715 2
41730 2
41731 2
41735 2
41755 2
41760 1
41782 0
41815 1
41819 2
41827 2
41836 2
41838 2
41840 2
41842 2
41858 1
41873 2
41885 2
41894 0
41900 2
41902 1
41905 0
41945 2
41949 2
41961 2
41963 2
41965 0
42019 2
42038 1
42047 0
42049 1
42051 1
42052 1
42094 2
42113 2
42147 2
42152 2
42166 0
42169 2
42198 2
42224 2
42226 2
42252 2
42261 2
42264 2
42266 2
42281 2
42304 2
42305 2
42312 2
42320 0
42332 1
42355 2
42357 0
42377 2
42381 2
42403 2
42438 1
42439 0
42472 1
42473 2
42482 2
42486 2
42504 0
42505 2
42538 1
42543 2
42544 2
42552 2
42556 2
42559 1
42564 2
42621 1
42627 2
42631 2
42640 2
42645 1
42661 2
42664 1
42669 0
42674 2
42675 0
42681 2
42682 2
42685 0
42687 2
42691 0
42693 2
42704 0
42710 0
42728 2
42730 0
42734 2
42738 1
42757 0
42776 2
42788 1
42804 1
42835 0
42864 0
42867 1
42881 2
42909 2
42942 0
42950 2
42955 2
42960 0
42962 2
42980 2
43030 0
43044 0
43047 0
43051 2
43057 2
43076 0
43079 2
43083 0
43087 2
43108 0
43139 2
43141 2
43142 1
43144 0
43159 0
43178 0
43187 2
43189 2
43202 1
43221 2
43224 2
43235 0
43237 2
43240 1
43262 2
43270 2
43299 2
43307 0
43311 0
43335 2
43341 2
43381 0
43393 0
43424 2
43438 2
43451 2
43484 2
43496 0
43508 0
43514 0
43538 2
43546 1
43550 0
43563 2
43565 2
43571 2
43588 2
43642 2
43649 1
43695 1
43696 2
43697 2
43699 1
43700 2
43702 1
43704 1
43705 1
43707 1
43708 2
43709 2
43710 1
43711 1
43713 1
43715 2
43716 1
43717 2
43719 1
43721 2
43722 1
43723 2
43724 2
43725 1
43726 1
43730 1
43731 2
43732 2
43733 1
43734 1
43735 2
43736 2
43737 1
43738 1
43740 2
43741 2
43742 2
43743 2
43744 2
43745 2
43746 1
43747 2
43749 2
43750 1
43751 2
43753 2
43754 2
43755 2
43756 1
43757 1
43762 2
43763 1
43765 1
43766 2
43768 2
43772 2
43777 1
43779 2
43781 2
43782 2
43783 2
43785 2
43788 2
43791 1
43793 2
43795 2
43796 2
43799 2
43801 2
43802 2
43804 2
43805 0
43806 1
43807 2
43809 2
43813 1
43814 0
43816 2
43817 2
43818 1
43819 1
43823 2
43824 1
43826 1
43827 1
43831 2
43834 2
43836 2
43837 2
43841 2
43846 2
43847 2
43850 2
43851 2
43854 2
43857 2
43858 2
43860 2
43861 2
43862 2
43863 2
43867 1
43869 2
43871 2
43873 2
43876 2
43878 2
43881 2
43882 2
43884 2
43885 2
43888 2
43891 2
43894 2
43895 2
43900 2
43901 0
43902 1
43903 2
43904 1
43905 2
43906 2
43907 2
43908 2
43909 2
43912 2
43913 2
43915 2
43918 1
43919 2
43920 2
43922 2
43924 2
43925 2
43927 2
43929 0
43930 1
43935 1
43936 1
43938 2
43939 2
43942 0
43945 2
43946 2
43949 2
43950 2
43951 2
43954 2
43956 2
43959 2
43960 2
43961 2
43966 2
43967 2
43968 2
43974 2
43979 2
43980 2
43983 2
43987 2
43988 1
43989 1
43991 0
43995 1
43996 1
43997 1
43998 2
44000 2
44001 2
44007 2
44008 2
44011 2
44012 2
44017 2
44018 1
44020 2
44021 2
44023 2
44024 2
44025 2
44027 1
44028 2
44029 0
44030 2
44031 1
44034 2
44038 1
44042 2
44044 2
44045 2
44046 2
44047 2
44055 2
44056 2
44060 2
44061 2
44063 1
44066 2
44067 2
44071 2
44072 2
44075 1
44076 2
44077 1
44078 0
44079 2
44082 1
44087 1
44088 2
44091 2
44093 0
44098 2
44099 2
44102 2
44115 2
44118 2
44128 2
44129 2
44130 1
44131 2
44138 2
44139 2
44141 2
44144 2
44145 2
44148 2
44155 2
44158 1
44164 2
44165 1
44166 2
44168 2
44171 1
44177 2
44180 1
44181 2
44188 2
44196 2
44200 2
44201 2
44205 1
44207 2
44208 2
44219 2
44222 2
44227 2
44229 2
44231 2
44237 2
44242 2
44244 2
44245 2
44248 2
44249 2
44251 1
44255 1
44256 2
44261 2
44264 2
44269 2
44273 2
44277 2
44278 2
44282 1
44284 2
44285 0
44287 2
44299 2
44303 0
44305 2
44306 0
44309 2
44317 1
44321 2
44323 2
44332 2
44338 2
44349 2
44352 2
44357 1
44358 2
44366 2
44369 2
44370 1
44372 2
44379 2
44383 2
44387 0
44389 2
44391 2
44393 2
44395 2
44399 2
44412 1
44414 2
44418 2
44422 1
44424 1
44427 2
44429 2
44433 2
44435 1
44445 2
44448 1
44460 2
44465 2
44469 2
44474 2
44478 2
44480 1
44482 2
44484 2
44485 2
44486 2
44491 2
44493 2
44505 2
44508 0
44516 0
44520 2
44522 1
44525 2
44529 0
44530 2
44533 2
44534 2
44536 2
44541 2
44546 2
44550 2
44552 2
44554 2
44557 2
44565 1
44567 1
44568 2
44572 2
44578 2
44579 0
44590 2
44598 2
44601 0
44607 0
44616 2
44617 1
44620 2
44622 2
44628 2
44639 1
44641 2
44647 2
44650 2
44656 2
44657 2
44661 1
44669 2
44670 2
44678 2
44680 0
44691 2
44696 2
44702 2
44704 2
44714 0
44718 2
44724 2
44732 1
44733 2
44741 0
44753 1
44771 0
44772 2
44777 2
44778 0
44779 2
44782 1
44784 2
44790 2
44800 1
44804 1
44809 2
44814 2
44816 2
44833 2
44834 2
44839 2
44847 2
44848 1
44850 2
44860 2
44875 2
44881 2
44885 2
44886 1
44889 2
44896 2
44912 0
44925 2
44936 1
44941 2
44944 1
44951 2
44953 0
44954 2
44959 1
44963 2
44964 2
44967 2
44989 2
44991 2
45006 2
45011 0
45014 1
45019 2
45020 2
45036 2
45050 2
45053 2
45066 2
45074 2
45083 2
45107 1
45109 2
45112 1
45117 1
45141 2
45149 2
45150 2
45161 2
45164 2
45170 2
45172 2
45175 2
45184 0
45186 2
45189 2
45190 2
45196 1
45198 0
45199 2
45204 2
45207 0
45220 2
45221 1
45224 1
45226 2
45230 2
45235 2
45245 2
45246 2
45251 2
45254 2
45256 2
45264 2
45275 2
45281 1
45282 2
45285 2
45300 1
45305 0
45307 2
45310 2
45316 1
45324 2
45329 0
45344 2
45345 2
45347 2
45353 2
45373 2
45386 2
45390 2
45399 2
45403 2
45408 2
45419 2
45421 2
45424 2
45433 2
45439 2
45448 2
45466 2
45485 0
45487 2
45490 0
45496 0
45498 2
45499 2
45502 2
45503 1
45508 2
45512 0
45522 2
45530 2
45533 2
45537 1
45538 2
45549 1
45552 2
45553 2
45576 2
45584 2
45586 0
45588 2
45595 2
45615 2
45623 0
45625 2
45639 1
45646 2
45651 2
45665 2
45666 2
45669 2
45673 0
45689 2
45698 2
45701 0
45702 2
45706 2
45710 2
45718 0
45726 2
45730 2
45739 2
45742 2
45748 2
45762 2
45782 2
45792 1
45793 2
45805 2
45809 2
45811 2
45812 2
45816 2
45839 2
45868 0
45877 2
45884 2
45891 2
45899 2
45909 2
45920 1
45935 2
45936 0
45942 1
45950 1
45960 0
45963 2
45975 2
46016 0
46036 2
46038 2
46043 2
46044 0
46046 1
46047 2
46055 2
46057 2
46062 2
46063 1
46069 2
46079 2
46086 2
46088 1
46091 2
46094 1
46107 2
46108 2
46113 1
46117 2
46119 2
46124 0
46133 2
46155 2
46160 2
46168 2
46176 2
46187 1
46212 2
46218 2
46219 2
46220 1
46242 2
46272 2
46287 2
46297 2
46321 2
46323 2
46331 1
46339 2
46345 1
46349 1
46366 1
46373 2
46374 2
46393 2
46404 1
46419 2
46422 2
46450 0
46451 2
46454 2
46458 2
46460 2
46466 2
46473 2
46478 2
46485 0
46492 2
46508 2
46510 1
46514 2
46518 2
46539 2
46543 2
46545 2
46556 2
46571 2
46582 2
46590 2
46594 2
46597 2
46601 2
46606 1
46615 2
46624 2
46630 0
46634 2
46657 1
46658 1
46662 2
46673 2
46680 2
46693 2
46696 0
46707 2
46718 2
46726 2
46732 2
46737 2
46740 2
46742 2
46749 2
46750 2
46760 2
46769 2
46770 0
46773 2
46802 2
46803 2
46813 2
46852 2
46854 2
46855 2
46859 1
46869 2
46873 0
46877 2
46895 2
46909 2
46916 2
46933 1
46934 2
46955 2
46960 2
46971 2
46976 2
46995 2
47005 0
47008 2
47014 2
47023 2
47040 2
47055 2
47058 1
47059 2
47062 2
47075 0
47081 2
47096 2
47099 2
47101 2
47102 2
47107 2
47120 2
47121 2
47125 2
47140 2
47150 2
47152 0
47158 2
47162 2
47167 1
47168 0
47194 2
47207 2
47235 2
47237 2
47242 2
47244 2
47255 2
47269 1
47274 0
47276 2
47286 1
47295 0
47318 2
47319 2
47332 2
47358 2
47366 2
47387 2
47394 0
47397 2
47406 2
47415 2
47421 0
47439 2
47442 1
47463 2
47464 2
47465 2
47467 2
47480 2
47481 2
47482 2
47487 0
47492 0
47502 1
47505 2
47520 2
47530 1
47531 1
47538 1
47540 2
47555 2
47590 2
47613 2
47621 0
47624 2
47631 0
47637 2
47648 2
47658 2
47677 2
47688 1
47701 2
47732 0
47742 2
47746 1
47760 2
47761 0
47769 2
47777 2
47784 1
47792 2
47795 2
47797 2
47804 2
47815 0
47820 0
47831 2
47832 0
47841 2
47844 2
47845 2
47846 2
47853 0
47861 1
47862 2
47867 2
47879 1
47887 2
47888 2
47892 2
47896 2
47897 2
47917 2
47924 2
47926 2
47930 2
47949 2
47957 2
47958 2
47964 2
47965 2
47967 2
47975 2
47988 2
48002 2
48010 0
48011 2
48013 2
48021 1
48032 0
48034 1
48038 1
48045 2
48075 2
48082 2
48083 2
48105 2
48138 0
48158 1
48161 2
48162 0
48178 1
48182 2
48187 2
48191 1
48194 1
48197 1
48221 2
48228 0
48238 2
48254 2
48270 2
48274 2
48279 2
48284 2
48304 2
48328 2
48333 1
48334 2
48338 2
48343 2
48355 2
48369 2
48386 0
48391 0
48398 0
48412 1
48413 2
48417 2
48421 2
48425 2
48436 2
48461 2
48470 2
48485 2
48490 2
48497 1
48553 1
48569 2
48590 2
48597 2
48599 2
48620 2
48621 1
48627 2
48633 2
48654 1
48666 2
48679 1
48681 2
48693 2
48694 0
48696 2
48699 2
48715 2
48736 2
48741 2
48801 2
48803 2
48818 2
48828 2
48829 2
48834 2
48837 2
48840 2
48844 2
48854 0
48860 2
48889 0
48893 2
48899 2
48918 2
48950 2
49013 2
49017 2
49021 2
49047 0
49058 0
49065 2
49074 2
49075 2
49085 2
49088 2
49101 2
49107 0
49113 2
49117 2
49119 1
49135 2
49146 2
49173 0
49192 2
49194 2
49208 1
49216 2
49274 1
49284 1
49291 2
49299 2
49343 2
49345 1
49372 1
49394 0
49404 0
49418 2
49423 2
49430 2
49489 2
49497 2
49513 1
49540 1
49565 1
49569 2
49594 0
49625 2
49636 0
49650 1
49651 2
49679 2
49706 2
49715 2
49721 1
49732 2
49748 2
49768 2
49773 0
49803 0
49808 2
49862 2
49870 0
49875 2
49881 2
49913 1
49920 2
49922 2
49930 2
49941 2
49947 2
49952 0
49953 0
49973 2
50014 2
50015 1
50026 2
50028 2
50030 2
50041 2
50065 1
50074 2
50080 2
50091 2
50093 1
50099 2
50100 0
50112 2
50113 1
50115 2
50158 2
50172 2
50174 1
50178 2
50211 2
50221 2
50222 0
50226 2
50235 2
50236 2
50238 2
50240 1
50243 0
50287 2
50325 1
50336 2
50343 2
50357 1
50359 2
50361 2
50368 2
50384 0
50397 0
50413 2
50423 2
50435 0
50437 2
50440 2
50451 2
50463 1
50469 2
50496 0
50499 2
50522 2
50531 2
50550 2
50589 1
50594 2
50598 2
50604 1
50645 2
50659 2
50684 2
50690 2
50714 0
50722 2
50726 2
50731 2
50765 0
50786 1
50802 2
50804 0
50812 2
50817 2
50832 2
50836 2
50842 1
50859 1
50944 0
50968 2
50970 2
51018 2
51020 2
51048 1
51057 1
51108 2
51112 2
51121 2
51129 2
51135 2
51137 2
51139 2
51147 0
51156 0
51158 2
51178 0
51187 2
51212 2
51231 2
51266 1
51276 0
51280 2
51282 2
51292 2
51296 0
51310 2
51316 2
51368 2
51375 2
51382 2
51413 2
51479 2
51489 2
51543 2
51544 2
51545 0
51632 2
51685 2
51688 2
51701 1
51708 2
51725 2
51734 2
51737 2
51749 2
51754 1
51764 2
51773 2
51776 0
51803 2
51828 0
51847 2
51855 2
51857 2
51860 2
51880 2
51890 1
51951 1
51971 2
51975 2
51984 2
51992 2
52028 1
52036 2
52054 2
52106 2
52127 2
52153 2
52160 2
52172 2
52182 0
52208 2
52227 2
52233 2
52276 2
52284 1
52285 2
52303 2
52321 0
52327 2
52331 1
52335 2
52355 0
52356 2
52359 2
52372 2
52391 2
52419 2
52421 1
52436 0
52484 0
52499 2
52518 2
52534 2
52551 2
52562 2
52599 0
52602 0
52604 2
52616 2
52621 2
52666 2
52676 2
52678 1
52694 2
52709 2
52716 0
52723 2
52763 0
52765 1
52767 2
52779 0
52808 2
52815 2
52838 2
52839 1
52842 1
52847 2
52850 1
52875 2
52921 2
52925 0
52949 0
52952 2
52957 1
52978 2
52980 2
52982 2
53014 2
53021 0
53039 2
53043 2
53052 2
53062 2
53110 2
53129 2
53153 2
53168 2
53171 2
53190 2
53209 2
53230 2
53255 2
53274 2
53305 2
53317 2
53324 2
53343 2
53348 2
53353 0
53361 0
53386 1
53404 2
53409 2
53412 0
53435 2
53441 2
53450 2
53451 2
53457 2
53476 2
53500 2
53515 2
53527 2
53557 2
53586 0
53590 0
53600 2
53617 2
53650 0
53655 0
53674 2
53701 0
53711 0
53722 1
53754 1
53791 2
53794 0
53810 2
53812 1
53821 0
53851 1
53883 2
53904 0
53932 2
53939 2
53946 2
53953 2
53955 2
53964 2
53980 2
53994 2
54021 2
54029 1
54042 2
54046 2
54050 0
54076 2
54081 0
54092 1
54094 2
54098 0
54101 2
54122 0
54127 2
54148 1
54184 2
54210 2
54262 2
54287 2
54297 2
54307 0
54317 2
54336 1
54340 2
54347 2
54353 2
54355 0
54361 2
54385 2
54403 2
54417 2
54422 2
54424 1
54427 2
54447 2
54461 2
54485 0
54488 2
54489 1
54506 0
54561 0
54587 2
54589 2
54591 2
54594 0
54633 2
54665 2
54673 2
54700 0
54708 2
54711 0
54720 2
54733 2
54752 2
54781 2
54791 0
54798 0
54808 2
54810 0
54873 2
54884 0
54886 0
54898 2
54901 2
54907 2
54930 2
54960 2
54978 2
54987 2
55011 0
55066 2
55076 2
55091 2
55106 2
55112 2
55119 0
55149 2
55181 2
55187 0
55196 2
55201 2
55222 2
55225 0
55242 2
55320 2
55328 2
55368 0
55379 2
55400 0
55440 2
55455 0
55468 2
55469 0
55485 0
55519 0
55538 2
55542 2
55549 0
55556 2
55588 2
55610 0
55629 0
55663 2
55671 1
55718 2
55723 0
55742 0
55780 2
55802 0
55845 2
55867 2
55869 2
55872 0
55874 2
55875 2
55880 2
55881 2
55883 2
55888 2
55893 0
55895 2
55900 2
55902 2
55904 2
55909 2
55919 2
55920 1
55922 2
55929 2
55934 2
55936 2
55937 1
55938 2
55940 2
55944 2
55945 2
55947 2
55953 2
55957 0
55960 2
55962 1
55966 1
55968 2
55969 0
55973 0
55977 2
55984 1
55988 2
55997 2
56003 2
56013 1
56016 2
56017 2
56025 2
56026 2
56039 2
56044 0
56046 0
56074 2
56077 2
56079 2
56084 2
56086 0
56103 0
56109 2
56112 0
56115 2
56121 2
56130 1
56137 2
56146 1
56149 2
56153 2
56154 2
56169 2
56188 0
56193 2
56195 2
56209 2
56210 0
56217 2
56219 0
56224 2
56238 0
56239 1
56240 2
56261 2
56267 2
56282 2
56290 2
56308 0
56317 1
56325 2
56335 2
56343 2
56344 1
56351 0
56357 2
56358 2
56367 2
56371 2
56375 2
56376 2
56379 2
56384 2
56393 2
56396 2
56399 1
56402 2
56403 2
56411 2
56415 2
56421 1
56423 2
56426 2
56427 2
56429 2
56431 2
56432 0
56433 1
56437 0
56439 2
56447 1
56455 2
56466 2
56480 2
56487 2
56489 2
56500 0
56509 1
56512 1
56520 2
56526 2
56544 2
56548 2
56560 2
56580 2
56588 0
56597 2
56606 2
56610 1
56618 1
56624 2
56625 2
56627 2
56630 1
56638 0
56640 2
56661 2
56666 0
56668 2
56671 2
56689 1
56699 2
56705 2
56715 2
56729 0
56738 2
56741 2
56743 2
56745 2
56750 2
56754 1
56758 2
56759 0
56761 0
56762 2
56769 2
56772 2
56775 1
56783 2
56795 2
56796 1
56801 2
56809 1
56813 2
56818 2
56819 2
56823 0
56824 2
56826 0
56827 2
56836 2
56841 2
56882 2
56889 0
56894 1
56898 2
56899 2
56918 2
56924 1
56928 0
56948 2
56958 2
56983 2
56985 2
56990 0
57001 2
57010 0
57012 0
57013 0
57022 0
57025 2
57026 2
57028 0
57045 2
57063 0
57072 2
57074 2
57090 0
57105 2
57111 2
57118 2
57120 0
57122 0
57123 0
57130 2
57133 0
57139 2
57141 0
57147 0
57160 2
57164 0
57167 2
57170 1
57173 2
57183 2
57205 2
57209 0
57214 2
57220 0
57227 2
57248 2
57249 0
57258 2
57262 2
57264 2
57288 0
57294 1
57296 0
57302 2
57304 2
57315 2
57332 0
57339 1
57351 2
57368 2
57373 0
57375 2
57388 0
57389 0
57390 2
57427 0
57450 2
57459 0
57468 2
57477 0
57496 2
57500 2
57511 2
57513 2
57517 0
57534 2
57537 0
57544 0
57552 2
57576 1
57578 1
57585 2
57589 0
57609 2
57613 2
57615 0
57622 2
57626 2
57627 2
57634 0
57635 0
57636 0
57638 2
57642 2
57662 2
57665 1
57682 2
57685 2
57686 2
57688 0
57690 2
57699 2
57700 2
57714 2
57740 2
57753 0
57760 0
57761 2
57763 2
57764 0
57787 2
57797 0
57799 0
57813 2
57824 0
57828 2
57830 2
57850 0
57854 2
57858 2
57859 2
57886 2
57889 2
57913 0
57930 2
57939 2
57971 0
58021 0
58024 2
58025 2
58026 2
58036 2
58091 0
58095 0
58100 2
58102 2
58112 2
58113 2
58115 2
58124 2
58145 1
58146 2
58160 2
58164 2
58166 0
58169 1
58173 0
58175 2
58184 2
58186 0
58188 2
58212 2
58217 1
58244 0
58253 2
58256 1
58267 2
58285 2
58320 0
58321 0
58331 0
58346 0
58347 2
58349 0
58351 1
58362 0
58364 2
58367 2
58378 2
58382 2
58389 2
58392 2
58393 2
58414 1
58416 2
58417 0
58425 1
58426 2
58431 2
58443 2
58461 1
58463 2
58480 2
58483 0
58490 2
58506 0
58513 0
58530 0
58551 2
58558 1
58565 2
58568 2
58579 2
58581 2
58594 2
58610 2
58617 0
58631 2
58642 2
58648 0
58654 0
58655 0
58657 2
58680 1
58682 2
58697 0
58701 0
58715 0
58729 2
58734 2
58736 2
58746 0
58753 0
58755 0
58756 2
58760 2
58761 0
58762 0
58765 0
58780 2
58782 2
58793 2
58796 2
58800 2
58802 2
58803 2
58812 2
58820 0
58821 2
58823 0
58830 2
58836 0
58839 2
58842 2
58844 0
58846 2
58856 0
58859 0
58860 2
58863 2
58864 2
58869 2
58877 2
58887 2
58896 1
58911 2
58921 2
58929 2
58930 1
58931 2
58941 1
58946 0
58959 0
58974 0
58987 0
58994 1
59000 0
59009 2
59028 2
59031 2
59050 1
59051 2
59060 2
59066 1
59069 2
59078 2
59106 2
59114 2
59134 0
59139 2
59151 2
59157 2
59158 0
59186 0
59188 2
59200 2
59202 2
59204 2
59208 2
59214 1
59215 0
59226 2
59256 0
59268 0
59271 2
59274 2
59279 2
59293 2
59307 2
59325 2
59330 0
59333 0
59338 2
59346 2
59347 0
59350 2
59364 2
59366 0
59372 2
59373 2
59374 2
59386 2
59426 2
59430 2
59431 0
59455 2
59459 2
59460 0
59476 0
59478 2
59487 2
59489 2
59494 2
59502 2
59518 2
59533 2
59544 2
59582 2
59586 2
59597 2
59603 0
59608 2
59620 2
59621 2
59627 2
59628 0
59630 2
59633 1
59640 2
59643 0
59647 1
59657 2
59672 2
59674 2
59675 0
59683 1
59704 2
59713 2
59717 1
59735 0
59736 2
59741 2
59749 1
59756 1
59758 0
59759 1
59782 2
59806 0
59823 2
59857 2
59868 1
59876 0
59881 2
59885 2
59887 2
59898 0
59933 2
59952 2
59956 0
59969 0
59971 2
59989 2
59994 2
60010 2
60012 0
60038 2
60042 2
60043 1
60047 0
60059 0
60066 0
60075 0
60093 0
60114 2
60123 0
60138 2
60144 2
60153 2
60160 2
60165 2
60166 0
60174 0
60194 0
60199 0
60210 0
60218 0
60231 2
60241 2
60242 2
60252 2
60255 2
60272 1
60277 2
60285 2
60298 0
60310 0
60312 2
60314 0
60342 2
60344 2
60348 2
60356 2
60357 2
60358 0
60359 2
60360 0
60364 2
60369 2
60372 2
60373 2
60378 2
60386 2
60395 2
60401 2
60406 2
60411 2
60418 0
60442 2
60458 0
60475 1
60495 0
60496 0
60499 2
60502 0
60504 2
60516 0
60518 0
60527 2
60534 1
60540 2
60541 2
60555 0
60556 0
60562 1
60572 0
60574 2
60587 2
60605 2
60612 2
60618 2
60625 2
60639 0
60642 2
60643 2
60654 0
60662 0
60674 2
60676 2
60678 1
60679 2
60686 2
60687 0
60691 0
60692 1
60694 2
60722 2
60763 2
60768 2
60780 2
60782 0
60785 0
60801 0
60824 0
60828 2
60833 2
60855 0
60874 1
60875 2
60907 2
60910 0
60913 0
60922 0
60932 2
60936 0
60938 2
60946 2
60947 0
60952 2
60956 2
60969 2
60977 2
60979 2
60983 0
60986 0
60992 2
60996 2
60999 2
61008 2
61012 2
61013 2
61015 0
61023 2
61029 0
61031 0
61042 0
61045 1
61051 2
61053 0
61067 2
61070 2
61074 0
61075 2
61096 0
61111 2
61122 0
61131 0
61132 2
61135 0
61137 2
61156 2
61167 2
61168 2
61172 2
61175 2
61184 1
61187 2
61196 0
61200 0
61207 2
61220 2
61233 0
61239 2
61240 0
61241 2
61261 2
61273 2
61274 1
61277 2
61310 2
61322 2
61328 0
61330 2
61336 0
61343 2
61347 2
61388 2
61391 1
61399 0
61405 0
61410 0
61421 2
61439 2
61450 2
61452 2
61481 0
61486 2
61488 0
61507 0
61515 0
61526 0
61529 2
61537 2
61544 0
61592 2
61603 2
61612 2
61619 0
61625 2
61633 2
61637 2
61641 0
61644 0
61648 0
61649 2
61661 2
61662 2
61678 0
61691 0
61697 2
61705 0
61713 2
61726 0
61732 2
61739 2
61746 2
61770 0
61771 2
61773 2
61775 2
61778 0
61787 2
61792 2
61801 2
61805 2
61808 2
61832 2
61838 2
61845 2
61855 2
61860 0
61867 2
61872 0
61873 2
61880 0
61881 2
61889 2
61893 2
61897 0
61927 2
61932 2
61934 2
61939 0
61941 2
61949 2
61957 2
61959 1
61962 2
61971 2
61973 2
61988 0
61997 2
62017 0
62021 2
62032 2
62045 2
62046 2
62052 2
62054 2
62074 2
62075 1
62077 2
62087 0
62100 2
62101 1
62102 2
62109 2
62110 2
62111 2
62117 2
62129 0
62147 0
62161 0
62167 2
62173 2
62176 2
62192 2
62204 0
62206 2
62207 2
62208 2
62235 0
62240 2
62242 0
62243 2
62247 0
62250 2
62277 0
62300 2
62305 2
62315 0
62351 2
62357 2
62369 2
62371 2
62377 1
62417 0
62443 0
62479 0
62481 2
62504 2
62509 2
62512 0
62522 2
62544 2
62546 0
62564 0
62570 2
62573 2
62598 2
62630 2
62667 2
62669 2
62670 0
62679 0
62684 0
62687 0
62706 0
62707 2
62713 2
62714 2
62730 0
62751 0
62777 2
62778 0
62780 2
62783 2
62790 0
62799 0
62813 1
62824 2
62847 2
62880 2
62881 1
62882 0
62883 0
62887 2
62895 2
62902 0
62909 2
62912 2
62913 0
62922 2
62923 2
62947 2
62950 2
62982 2
62990 2
63009 1
63020 2
63039 2
63048 0
63050 0
63052 2
63075 0
63082 0
63083 0
63095 0
63102 0
63119 2
63128 2
63159 0
63181 0
63191 2
63200 0
63201 2
63208 0
63213 0
63235 0
63239 2
63241 0
63253 0
63262 0
63285 2
63286 2
63322 0
63348 0
63390 2
63395 0
63416 0
63427 0
63449 2
63455 2
63457 0
63552 2
63554 2
63556 0
63557 2
63567 2
63569 0
63579 2
63583 0
63597 2
63610 2
63626 2
63633 0
63634 0
63635 2
63640 2
63645 2
63658 2
63661 0
63666 2
63676 0
63679 0
63691 2
63705 0
63706 2
63717 2
63720 0
63722 0
63730 2
63738 0
63741 0
63751 2
63752 2
63763 2
63771 0
63777 2
63778 0
63790 0
63793 2
63805 0
63807 0
63823 2
63829 2
63835 0
63838 2
63839 0
63842 2
63858 2
63882 0
63891 2
63892 2
63893 2
63910 0
63911 0
63927 2
63928 2
63936 2
63937 2
63938 0
63940 0
63952 1
63972 2
63975 2
63983 0
63986 0
64002 2
64010 2
64064 2
64072 2
64078 2
64086 2
64089 2
64101 2
64109 2
64125 0
64135 2
64148 0
64166 2
64170 0
64190 0
64191 0
64195 0
64220 2
64231 2
64235 2
64237 2
64241 0
64252 2
64260 0
64268 2
64270 2
64272 1
64273 2
64302 0
64309 0
64310 0
64316 2
64319 0
64330 2
64353 0
64361 0
64377 2
64420 2
64423 0
64427 0
64434 0
64456 0
64467 0
64474 2
64478 0
64491 0
64493 0
64497 0
64498 0
64500 1
64503 2
64511 0
64520 0
64549 2
64589 0
64594 0
64602 2
64613 0
64621 0
64622 0
64625 2
64626 2
64645 0
64672 2
64686 0
64689 2
64690 0
64691 0
64700 0
64706 0
64727 2
64730 0
64738 2
64764 0
64772 1
64793 0
64795 2
64799 0
64811 0
64832 2
64845 2
64850 0
64870 2
64873 2
64874 2
64893 0
64914 2
64925 2
64927 2
64940 2
64945 0
64952 0
64979 2
64988 2
64995 0
65007 2
65025 0
65051 0
65087 2
65104 2
65155 0
65168 0
65172 0
65208 1
65222 2
65226 0
65227 0
65228 0
65229 0
65236 0
65262 0
65275 0
65300 2
65309 2
65337 2
65341 2
65352 0
65357 2
65380 2
65386 0
65400 0
65401 0
65402 0
65416 0
65423 0
65451 0
65452 0
65453 0
65468 0
65486 2
65506 2
65525 2
65526 2
65527 2
65528 2
65529 2
65530 2
65531 2
65532 2
65533 2
65534 2
65535 2
65537 2
65561 2
65566 0
65568 2
65581 2
65591 0
65598 2
65600 2
65606 2
65609 2
65620 0
65632 2
65639 0
65658 0
65668 2
65672 2
65682 0
65685 0
65689 2
65705 0
65748 2
65753 0
65760 2
65761 0
65774 2
65798 1
65806 2
65831 2
65848 0
65856 0
65871 2
65885 0
65894 2
65898 0
65899 0
65907 2
65921 2
65935 2
65977 0
65989 0
65990 2
65997 0
66007 2
66036 2
66074 2
66102 2
66107 0
66108 0
66115 0
66137 2
66168 0
66189 0
66213 0
66237 0
66245 0
66251 0
66255 0
66262 0
66312 2
66326 0
66354 2
66372 0
66385 0
66392 0
66397 0
66406 0
66410 2
66413 0
66428 2
66432 0
66446 2
66453 2
66454 0
66456 0
66479 2
66480 0
66496 0
66532 2
66649 2
66664 0
66667 0
66671 2
66686 0
66691 0
66695 0
66697 2
66714 0
66716 0
66718 2
66728 0
66749 2
66760 0
66769 0
66810 0
66868 2
66873 0
66896 0
66941 0
66944 0
66989 0
66997 0
67010 0
67014 2
67028 2
67067 0
67105 0
67106 0
67134 0
67149 0
67153 0
