1 3
2 5
4 4
6 1
8 7
9 5
11 2
12 4
3 4
13 6
15 4
0 1
16 4
17 4
5 7
10 4
18 5
7 5
14 4
19 4
20 5
22 4
21 4
25 4
24 4
26 1
28 5
27 4
29 4
30 4
32 4
33 4
34 5
35 6
36 5
37 4
38 7
39 4
40 4
23 4
41 5
42 5
43 5
44 5
45 4
46 4
47 4
48 1
50 3
51 5
52 4
53 4
54 7
49 5
55 4
56 4
57 4
58 3
59 4
60 4
61 4
62 4
63 5
64 4
65 6
66 5
67 5
68 5
70 5
72 4
73 6
74 4
75 5
76 4
77 4
78 4
79 4
80 4
81 4
82 4
83 5
71 4
31 5
84 4
85 4
86 5
87 5
88 4
89 4
90 4
92 5
91 5
93 4
94 5
95 4
96 4
97 4
98 4
99 4
100 6
101 4
102 2
103 4
105 4
106 4
108 4
109 4
110 1
111 5
107 6
112 4
113 5
114 4
115 5
116 4
117 5
104 4
118 4
119 4
120 5
121 6
122 4
123 4
124 4
125 5
126 4
127 4
128 4
129 5
130 5
132 4
133 1
134 4
135 4
136 4
137 4
138 5
139 4
140 4
141 4
142 4
143 4
144 4
145 7
146 5
147 4
148 4
149 4
150 4
151 5
152 4
153 4
154 4
155 4
156 5
157 4
158 7
159 4
160 4
161 1
162 4
163 4
165 4
166 4
164 4
168 4
169 4
170 5
171 4
172 5
173 4
167 4
174 6
175 6
176 4
177 4
178 4
179 5
180 4
181 4
182 4
183 5
184 4
185 5
186 5
187 4
188 6
191 4
192 4
193 4
194 5
195 6
196 4
197 1
198 4
199 4
200 1
201 4
202 4
203 4
204 6
205 4
131 5
206 7
207 4
208 4
69 4
210 4
211 7
212 4
213 5
214 4
215 1
216 5
217 4
218 4
219 6
220 4
221 4
222 4
223 5
224 6
225 4
226 5
189 4
227 4
228 4
229 4
230 4
231 5
232 4
234 6
233 3
235 5
236 4
238 4
239 4
241 5
242 5
243 4
244 4
245 4
246 4
240 5
247 4
249 2
250 4
251 4
248 5
252 6
253 5
255 5
254 4
256 4
257 4
258 4
259 4
260 6
261 4
262 4
263 4
264 5
237 4
265 3
267 4
268 4
269 5
270 4
271 1
272 4
273 4
274 5
275 4
277 5
278 4
279 4
280 4
281 4
282 5
283 4
284 6
285 4
286 5
287 6
288 5
289 4
290 5
291 1
292 4
294 5
295 4
293 4
297 6
298 4
299 4
300 5
301 4
302 4
304 5
305 4
306 4
307 4
308 5
309 4
310 4
311 4
312 5
313 5
314 5
316 4
317 4
318 4
319 4
320 1
321 4
322 4
324 5
323 4
325 4
303 5
326 4
327 4
328 5
329 4
330 4
332 5
334 4
333 4
335 4
336 1
337 6
338 4
339 6
340 5
341 4
342 4
343 4
344 3
345 5
346 4
347 4
348 4
276 5
331 4
350 4
351 4
349 1
352 5
353 5
354 3
355 5
356 5
357 1
359 5
360 5
361 5
362 4
363 4
365 4
366 4
367 4
368 4
369 4
370 5
364 4
371 5
372 4
373 4
375 4
376 4
378 4
377 5
379 4
266 1
380 4
381 4
382 6
383 4
384 4
385 4
386 4
387 4
388 4
389 4
390 3
391 5
315 4
392 4
393 4
394 4
395 4
396 5
397 5
398 5
399 5
374 5
400 1
401 4
402 1
403 4
404 4
405 4
406 4
407 1
408 4
409 5
410 1
411 4
412 7
413 2
414 4
415 4
416 4
417 4
418 5
419 6
420 5
421 6
422 5
423 6
424 7
425 4
426 5
427 4
428 4
429 4
430 4
431 4
432 4
433 5
434 4
435 6
436 5
437 6
438 4
439 4
440 6
441 1
442 4
443 5
444 4
445 6
446 4
447 4
448 4
449 4
450 5
451 5
453 4
452 6
455 4
456 4
457 1
454 4
458 4
459 4
460 4
461 4
462 4
463 6
464 7
465 6
466 5
467 4
468 5
469 5
470 5
471 4
472 4
473 4
190 6
474 5
475 6
476 5
477 5
478 5
479 4
480 7
481 4
482 4
483 4
484 4
485 7
486 4
296 5
487 4
488 4
489 4
490 4
491 4
492 4
493 5
494 4
495 6
496 4
497 5
498 2
499 5
500 7
501 7
502 4
503 5
504 4
505 4
506 6
507 5
508 4
509 4
510 5
511 5
512 5
513 5
514 2
515 4
516 4
517 4
519 1
518 4
520 5
521 4
522 4
523 1
524 1
525 4
526 6
527 5
528 5
529 4
530 4
532 4
533 4
534 4
535 4
536 4
538 4
539 4
540 4
541 4
542 5
543 4
537 4
544 5
545 1
546 4
547 4
548 4
550 4
551 4
549 5
552 4
553 4
554 4
555 5
556 4
557 4
558 4
559 4
560 5
561 4
562 4
563 5
564 4
565 4
566 6
567 4
568 4
569 5
570 4
571 4
572 4
573 4
574 4
575 7
576 5
577 5
578 4
579 4
580 5
581 4
582 4
583 4
584 5
586 3
587 4
588 4
589 4
590 4
592 4
593 5
358 6
594 6
595 1
596 4
597 4
599 4
598 5
600 4
602 4
601 5
603 6
604 4
605 4
606 5
607 4
608 5
609 4
610 5
611 4
612 5
613 4
614 1
615 4
616 5
617 4
618 4
619 4
620 5
621 4
622 1
623 4
624 4
625 4
626 4
627 7
585 5
628 4
629 5
630 4
631 5
632 5
633 4
634 4
635 4
636 4
637 6
638 6
639 4
640 4
641 4
642 4
643 5
644 4
645 4
646 5
647 5
649 5
650 4
651 4
652 5
653 4
654 4
655 5
656 3
657 4
658 7
659 6
660 5
648 5
662 5
663 4
661 4
664 5
665 3
666 7
668 4
669 4
670 4
667 4
671 7
672 4
673 5
674 5
675 1
676 4
677 4
678 4
679 4
680 1
682 4
683 4
684 1
685 6
686 4
687 4
688 4
689 4
690 5
691 5
692 4
693 4
694 4
695 4
696 5
697 4
698 4
699 4
700 5
701 4
702 6
703 4
704 4
706 4
707 5
708 5
709 5
710 4
711 4
705 5
712 4
713 4
714 4
715 4
716 5
717 4
718 4
719 1
720 5
721 4
722 7
723 1
724 5
725 4
726 4
728 4
727 4
729 1
730 2
731 5
732 6
733 3
734 2
735 4
736 4
737 4
738 4
739 1
741 4
742 4
743 4
744 4
745 4
746 4
747 4
748 4
749 4
750 4
751 4
752 5
753 4
754 4
755 5
756 4
757 4
758 1
759 4
681 5
760 4
761 4
762 5
763 4
764 4
765 4
766 4
767 7
768 4
769 4
770 4
771 4
772 4
773 5
774 4
775 4
776 5
778 4
777 1
779 4
780 4
781 4
782 5
783 4
784 4
785 4
786 5
787 4
788 4
789 4
790 5
791 7
793 4
792 3
794 4
795 4
796 5
797 4
798 4
799 4
800 5
801 4
802 5
803 4
591 5
804 5
805 4
806 4
807 4
809 5
810 5
808 4
811 4
812 5
813 4
814 4
815 4
816 5
817 4
818 4
819 5
820 5
821 5
822 6
823 1
824 4
825 4
826 4
827 4
828 4
829 4
830 4
831 5
832 4
833 5
834 4
836 5
835 4
837 5
838 4
839 4
840 5
841 4
842 4
843 5
844 4
845 1
846 4
847 6
848 4
849 5
850 4
851 5
852 4
853 5
854 4
855 5
857 4
858 5
859 4
860 7
861 6
862 4
863 5
864 4
865 5
866 4
867 4
868 4
869 4
870 5
872 5
873 4
874 1
875 5
876 4
877 5
878 5
856 1
880 4
881 4
882 5
883 5
884 4
885 5
887 2
888 4
889 5
890 4
892 5
891 4
893 5
894 5
895 4
897 5
898 5
899 4
900 4
901 5
902 4
904 6
905 5
906 1
907 7
908 5
909 4
910 4
903 5
912 4
913 4
914 5
915 4
916 5
917 4
918 5
919 4
920 5
921 5
922 5
923 5
924 5
925 4
926 4
927 7
928 4
930 5
931 4
932 4
933 4
935 6
896 5
936 4
937 5
938 4
939 5
940 4
941 4
879 6
942 4
943 4
944 4
945 4
946 5
947 4
948 4
949 5
951 5
952 5
950 4
953 4
954 4
955 4
956 4
957 6
958 4
959 5
960 4
961 4
962 7
963 5
964 4
965 4
966 5
967 5
968 5
969 6
970 4
971 4
972 4
973 5
974 5
975 4
977 4
978 4
979 4
980 6
976 5
981 5
982 4
983 5
934 1
984 4
985 4
986 4
987 5
988 4
990 4
991 5
992 4
989 4
993 1
994 1
995 6
996 7
997 5
998 4
999 4
1000 4
1001 4
1002 4
871 5
1003 4
1004 4
1005 4
1006 6
1009 1
1008 7
1010 4
1011 4
1012 6
1013 5
1014 4
1015 5
1017 6
1016 1
1018 4
1019 5
1020 4
1021 4
1022 4
1023 4
1024 4
1025 1
1026 6
1027 4
1028 5
1029 5
1030 5
1031 5
1032 5
1033 5
1034 5
1035 7
1036 4
1037 5
1038 5
1039 5
1040 4
1042 4
1043 5
1044 7
1045 4
1046 1
1047 4
1048 4
1049 4
1050 3
1051 5
1052 5
1054 4
1056 4
1057 4
1059 4
1060 5
1061 4
1055 5
1063 4
1064 4
1065 4
1066 4
1067 4
1068 4
1069 4
1070 4
1071 4
1072 4
1073 4
1074 7
1075 7
1076 4
1077 4
1062 5
1078 5
1079 4
1058 4
1080 4
1081 4
1082 5
1083 4
1084 5
1085 7
1053 1
1086 4
1087 4
1088 4
1089 4
1090 1
1091 1
1092 1
1093 1
1094 1
1095 1
1096 1
1097 4
1098 4
1099 5
1100 5
1101 4
1102 4
1103 4
1104 4
1106 4
1107 4
1108 2
1109 4
1105 5
1110 4
1111 5
1112 4
1113 4
1114 4
1115 4
1116 4
1117 4
1118 5
1119 5
1120 5
1121 4
1122 4
1123 4
1124 6
1125 4
1126 4
1127 5
929 5
1128 4
1129 4
1130 4
1131 4
1132 5
1133 4
1134 4
1135 4
1136 5
1137 4
1138 3
1139 4
1140 5
1141 4
1142 4
1143 4
1144 7
1145 4
1146 4
1147 4
1148 4
1149 4
1150 4
740 1
1152 4
1153 4
1154 5
1156 6
1157 4
1158 4
1160 4
1161 4
1162 4
1163 1
1159 1
1164 5
1165 4
1166 5
1167 4
1168 4
1169 4
1170 4
1171 4
1172 6
1173 4
1155 4
1174 4
1175 5
1176 4
886 4
1177 4
1178 4
1179 5
1180 4
1182 4
1183 4
1181 1
1184 4
1185 4
1151 5
1186 4
1187 4
1188 4
1190 4
1191 4
1189 4
1192 5
1193 4
1194 4
1195 4
1196 4
1197 5
1198 6
1199 5
1200 4
1201 5
1202 4
1203 4
1204 6
1205 4
1206 4
1207 4
1208 4
1209 4
1210 1
1211 4
1212 4
1213 7
1214 7
1216 5
1217 4
1218 4
1219 4
1215 5
1220 4
1221 4
1222 4
1223 1
1224 4
1226 5
1227 4
1225 5
1228 4
1229 5
1230 4
1231 4
1232 4
1233 5
1234 4
1235 6
1236 4
1237 6
1238 1
1239 4
1240 4
1241 4
1242 4
1243 5
1244 3
1245 7
1246 4
1247 5
1248 1
1249 4
1250 4
1251 4
1252 4
1253 4
1254 4
1255 4
1256 4
1257 5
1258 4
1259 4
1260 4
1261 4
1262 1
1263 4
1264 5
1265 4
1266 4
1267 5
1268 5
1269 4
1270 4
1271 4
1272 4
1273 5
1274 4
1275 5
1276 4
1277 4
1278 4
1279 4
1280 4
1281 4
1282 7
1283 5
1285 4
1284 1
1286 4
1287 4
1288 4
1289 4
1290 4
1291 4
1292 4
1293 4
1294 4
1295 5
1296 7
911 5
1007 4
1297 4
1298 4
1299 4
1300 4
1301 4
1302 4
1303 4
1304 1
1305 4
1306 4
1307 4
1308 1
1309 5
1310 7
1311 4
1312 4
1313 2
1314 4
1316 4
1317 4
1318 4
1319 1
1320 4
1321 4
1322 7
1323 6
1324 4
1325 4
1326 4
1315 5
1327 4
1328 4
1329 4
1330 5
1331 1
1332 4
1333 4
1334 4
1335 5
1336 4
1337 1
1338 4
1339 4
1340 1
1341 4
1342 4
1343 4
1344 1
1346 4
1347 5
1345 5
1348 4
1349 4
1350 4
1352 4
1353 4
1354 4
1355 4
1356 5
1357 4
1358 4
1359 4
1360 5
1361 5
1362 4
1363 4
1364 4
1365 4
1366 5
1367 4
531 5
1368 5
1370 4
1371 4
1369 5
1351 4
1372 4
1373 4
1374 5
1376 4
1377 5
1378 4
1379 5
1380 4
1381 4
1382 4
1383 4
1384 5
1385 4
1386 4
1387 4
1388 4
1389 5
1390 4
1391 5
1392 4
1394 4
1395 5
1396 4
1397 4
1398 4
1393 4
1399 1
1400 4
1401 4
1402 3
1403 4
1404 4
1405 4
1406 4
1407 4
1408 4
1409 5
1410 4
1411 4
1412 5
1413 4
1414 4
1415 4
1416 5
1418 4
1419 5
1420 4
1421 5
1422 4
1423 4
1424 4
1425 4
1426 4
1427 4
1428 4
1429 4
1430 4
1431 4
1432 4
1433 4
1434 4
1435 4
1436 4
1437 4
1438 4
1439 4
1440 4
1441 4
1442 4
1443 4
1444 4
1445 5
1446 5
1448 4
1450 4
1451 4
1452 4
1453 5
1454 7
1455 4
1456 4
1417 4
1457 4
1459 4
1458 5
1461 4
1462 4
1460 5
1463 2
1464 5
1465 4
1467 4
1466 4
1469 4
1470 4
1471 4
1472 4
1473 5
1474 5
1475 4
1476 4
1477 4
1478 5
1468 4
1479 5
1480 4
1481 4
1482 4
1483 4
1484 4
1485 4
1486 4
1487 4
1488 4
1489 1
1490 4
1491 4
1492 4
1493 4
1494 4
1495 4
1496 5
1498 6
1497 1
1499 7
1500 5
1501 4
1502 4
1503 4
1504 4
1505 5
1506 4
1507 4
1508 5
1509 5
1510 4
1511 4
1512 4
1513 6
1514 4
1515 4
1516 1
1517 4
1518 4
1519 5
1520 4
1521 4
1523 1
1524 4
1525 5
1526 5
1527 4
1528 4
1529 4
1530 4
1531 4
1532 4
1533 4
1534 4
1535 4
1537 5
1536 4
1538 4
1539 4
1540 4
1541 5
1542 5
1543 4
1544 4
1545 4
1546 4
1547 4
1548 4
1549 1
1550 4
1551 4
1552 5
1553 4
1554 4
1555 4
1556 5
1557 4
1558 1
1559 4
1560 5
1447 7
1561 4
1562 5
1563 4
1564 4
1565 4
1566 4
1567 4
1568 6
1569 5
1570 4
1571 5
1572 4
1573 4
1574 4
1575 5
1577 4
1578 4
1579 4
1580 2
1581 4
1582 6
1583 4
1584 4
1585 4
1576 5
1586 4
1587 4
1588 4
1589 4
1590 4
1591 4
1592 4
1593 7
1594 4
1595 4
1596 5
1597 4
1598 4
1599 4
1600 4
1601 4
1602 4
1603 4
1375 4
1604 4
1605 4
1606 5
1607 1
1608 4
1609 7
1611 4
1612 4
1613 4
1449 4
1614 4
1615 4
1616 4
1618 4
1619 4
1620 4
1621 4
1622 5
1623 4
1624 4
1625 4
1626 4
1627 4
1628 4
1629 5
1630 4
1631 4
1632 4
1634 5
1635 4
1636 4
1637 4
1638 4
1640 4
1639 3
1641 4
1642 5
1643 4
1644 4
1645 4
1646 4
1647 4
1648 4
1651 4
1650 1
1652 4
1649 5
1653 5
1654 4
1655 4
1656 7
1657 4
1658 4
1659 1
1610 4
1660 4
1661 4
1662 5
1663 4
1664 4
1665 5
1666 4
1668 4
1669 4
1670 4
1671 4
1672 4
1673 4
1667 5
1674 5
1675 4
1676 4
1677 4
1678 5
1679 5
1680 4
1681 4
1682 4
1683 4
1684 5
1685 4
1688 6
1689 5
1690 5
1691 4
1693 4
1695 5
1696 7
1697 1
1698 1
1692 4
1700 4
1701 5
1699 1
1633 5
1703 6
1702 6
1704 4
1705 5
1707 4
1708 4
1706 5
1711 5
1712 4
1713 4
1714 4
1715 7
1709 4
1617 1
1716 1
1717 4
1718 4
1719 4
1720 5
1721 5
1722 4
1723 5
1724 5
1725 4
1726 5
1728 4
1729 4
1730 5
1731 4
1732 7
1727 4
1733 4
1734 4
1735 4
1736 1
1737 5
1738 4
1710 4
1739 4
1740 4
1741 6
1742 4
1743 4
1744 4
1745 4
1746 5
1747 4
1748 5
1749 4
1750 4
1751 4
1752 4
1753 4
1754 1
1756 5
1755 4
1687 4
1757 4
1758 4
1759 4
1760 4
1761 4
1762 4
1763 4
1764 4
1765 4
1766 4
1767 6
1768 4
1769 4
1770 4
1771 4
1772 5
1773 4
1774 4
1775 4
1776 5
1777 4
1778 5
1779 4
1780 4
1781 4
1782 4
1783 4
1784 5
1785 4
1786 1
1787 4
1788 4
1789 5
1790 4
1792 4
1791 5
1793 4
1794 6
1796 1
1797 4
1798 4
1799 4
1800 4
1801 4
1803 4
1804 5
1805 4
1802 1
1806 4
1807 4
1808 5
1809 4
1810 5
1811 1
1812 5
1813 5
1814 4
1815 4
1816 6
1817 4
1818 4
1819 4
1820 4
1821 4
1822 4
1823 5
1824 4
1825 5
1826 5
1827 4
1828 4
1829 4
1830 4
1831 5
1832 4
1833 4
1834 4
1836 5
1837 4
1838 4
1839 4
1840 4
1841 4
1842 4
1843 4
1845 5
1847 5
1846 4
1848 5
1849 4
1850 4
1851 4
1852 4
1853 4
1854 4
1855 4
1856 4
1857 5
1858 4
1859 4
1860 5
1862 5
1861 4
1864 5
1865 4
1866 4
1867 4
1868 4
1869 4
1870 4
1871 4
1872 4
1873 4
1875 4
1874 4
1876 4
1877 4
1878 1
1879 5
1880 6
1881 4
1882 4
1883 4
1884 5
1885 5
1886 4
1888 4
1889 4
1890 4
1891 4
1892 5
1893 5
1894 6
1895 4
1896 4
1897 4
1899 4
1900 4
1902 4
1903 5
1904 4
1905 4
1898 4
1906 4
1901 1
1907 4
1908 5
1909 4
1887 5
1911 4
1910 1
1863 1
1912 4
1913 2
1914 5
1915 4
1916 4
1917 4
1918 4
1919 5
1920 4
1921 4
1922 5
1923 5
1924 4
1835 5
1925 4
1926 4
1928 4
1929 4
1930 4
1931 5
1932 4
1933 4
1934 4
1935 5
1936 4
1937 1
1938 4
1939 4
1940 4
1941 4
1942 6
1795 1
1943 4
1944 4
1945 4
1946 4
1947 4
1949 4
1950 4
1948 1
1951 4
1952 4
1953 4
1954 3
1955 4
1956 5
1957 4
1958 4
1959 1
1960 4
1961 5
1962 1
1963 5
1964 5
1965 4
1966 4
1967 4
1968 5
1970 4
1969 4
1971 4
1972 4
1973 4
1974 4
1975 4
1976 4
1977 4
1978 6
1979 4
1980 1
1981 4
1982 4
1983 4
1984 4
1985 4
1986 1
1987 4
1988 4
1989 3
1990 5
1991 5
1992 5
1993 5
1994 4
1995 4
1996 4
1997 4
1998 5
1999 5
2000 4
2001 5
2002 5
2003 5
2004 4
2005 4
2006 5
2007 4
2008 2
2009 4
2010 4
2011 4
2012 5
2013 5
2014 4
2015 4
2016 2
2017 5
2018 4
2019 4
2020 7
2021 7
2022 5
2023 4
2024 5
2025 7
2026 4
2027 4
2029 4
2030 4
2031 2
2032 4
2033 4
2034 4
2035 1
2036 4
2037 4
2038 1
2039 5
2040 4
2041 4
2042 5
2043 4
2044 1
2045 4
2046 4
2047 4
2048 5
2049 4
2050 4
2051 4
2052 4
2053 4
2054 4
2056 4
2057 2
2055 4
2058 4
2028 4
2059 4
2060 7
2061 4
2063 4
2064 4
2065 6
2066 4
2067 6
2068 5
2069 4
2070 5
2071 5
2072 4
2073 5
2074 4
2076 4
2075 4
2077 6
2078 5
2079 4
2080 4
2081 5
2082 4
2083 4
2084 5
2085 6
2086 4
2088 5
2087 5
2089 5
2090 1
2091 4
2092 4
2093 4
2094 4
2095 4
2096 4
2097 4
2098 5
2099 6
2100 4
2101 1
2103 6
2104 4
2105 5
2106 5
2107 4
2108 4
2109 4
2110 4
2111 4
2112 4
2113 6
2114 4
2115 7
2116 4
2117 5
2118 5
2119 4
2120 4
2121 4
2122 4
2123 4
2124 4
2125 5
2126 4
2127 4
2128 4
1927 5
2129 4
2130 4
2131 4
2132 4
2133 4
2134 4
2135 3
2136 4
2137 4
2138 4
2139 5
2140 7
2141 5
2142 5
2143 4
2145 4
2146 4
2147 4
2148 1
2149 1
2150 5
2151 2
2152 2
2153 5
2154 2
2155 4
2156 4
2157 4
2159 4
2160 4
2161 4
2163 5
2164 4
2165 4
2166 1
2167 4
2168 4
2169 4
2171 4
2172 3
2174 4
2173 4
2175 4
2170 4
2176 5
2162 5
2177 4
2178 4
2179 1
2180 4
2181 5
2182 5
2184 4
2183 4
2185 1
2186 4
2187 4
2188 4
2189 4
2144 4
2191 4
2192 6
2193 4
2194 4
2195 5
2196 4
2197 5
2198 1
2199 5
2200 4
2202 4
2203 4
2204 4
2205 1
2206 6
2207 5
2208 4
2209 4
2210 4
2211 4
2212 4
2213 4
2214 4
2215 4
2217 4
2218 4
2220 4
2221 4
2222 7
2223 5
2224 4
2225 4
2226 4
2201 6
2227 5
2190 4
2228 4
2229 4
2231 4
2232 4
2233 4
2234 4
2235 4
2216 4
2236 4
2237 4
2238 4
2240 5
2219 4
2241 4
2242 6
2243 4
2245 4
2246 5
2247 4
2248 5
2249 4
2250 4
2251 4
2252 4
2253 4
2254 5
2255 4
2256 5
2239 1
2258 4
2259 4
2260 5
2230 1
2261 4
2262 5
2263 4
2264 4
2265 4
2266 4
2267 4
2269 1
2270 5
2271 6
2272 4
2273 5
2274 1
2275 4
2276 4
2277 4
2278 7
2279 1
2280 5
2281 5
2282 4
2283 5
2284 4
2285 4
2286 4
2287 4
2288 4
2244 4
2289 4
2290 4
2291 4
2293 4
2295 4
2296 4
2298 5
2297 4
2299 4
2300 4
2301 4
2302 5
2303 4
2305 4
2306 7
2307 5
2308 4
2062 4
2304 1
2294 4
2309 4
2310 4
2311 4
2312 4
2314 4
2315 5
2316 4
2317 4
2318 6
2319 4
2320 4
2322 4
2323 4
2324 4
2325 5
2326 4
2327 5
2329 6
2328 5
2330 5
2331 1
2332 4
2333 4
2334 4
2336 4
2337 4
2338 4
2339 4
2340 1
2341 4
2342 4
2343 4
2345 7
2346 4
2347 4
2348 4
2349 5
2350 4
2351 1
2352 4
2353 4
2354 4
2355 4
2356 4
2357 5
2358 5
2359 4
2361 4
2362 4
2363 1
2365 4
2364 5
2335 4
2366 6
2367 4
2368 7
2369 3
2370 3
2268 5
2371 4
2372 4
2373 4
2374 4
2375 4
2376 5
2377 4
2378 5
2379 4
2380 4
2360 6
2382 4
2383 4
2384 6
2385 4
2386 4
2387 4
2388 4
2389 4
2390 5
2392 4
2394 4
2396 4
2397 4
2398 4
2399 4
2400 3
2401 5
2402 4
2403 4
2404 4
2405 4
2406 5
2407 5
2408 4
2321 5
2409 4
2393 5
2410 4
2411 4
2412 4
2413 4
2414 4
2415 5
2416 4
2418 1
2419 4
2420 4
2421 5
2422 4
2423 5
2424 5
2425 5
2426 4
2427 6
2428 4
2429 5
2430 1
2431 4
2432 4
2433 5
2434 1
2435 4
2436 1
2437 4
2438 4
2439 4
2440 4
2441 4
2442 4
2443 4
2445 1
2447 1
2446 4
2448 4
2449 4
2450 4
2451 5
2453 1
2454 4
2456 4
2457 4
2455 4
2458 4
2444 5
2459 4
2460 4
2461 4
2462 4
2463 1
2464 4
2465 4
2467 5
2468 4
2469 5
2471 1
2472 3
2473 1
2474 1
2475 1
2476 1
2477 1
2478 4
2479 4
2480 1
2481 1
2482 4
2483 4
2484 4
2466 4
2485 4
2486 5
2487 4
2488 4
2470 4
2489 5
2490 4
2491 1
2492 4
2493 4
2494 4
2495 1
2496 1
2497 1
2498 1
2499 7
2500 1
2501 1
2502 1
2503 1
2504 4
2505 4
2506 4
2507 4
2508 4
2510 6
2511 1
2512 5
2513 5
2514 5
2516 4
2517 4
2515 1
2518 4
2519 4
2521 4
2522 1
2523 4
2524 4
2525 4
2526 1
2527 1
2528 4
2529 1
2530 1
2531 1
2532 3
2533 5
2534 1
2535 1
2536 4
2537 5
2538 4
2539 5
2540 4
2541 4
2542 4
2543 4
2544 1
2545 1
2546 4
2547 1
2548 1
2549 1
2550 4
2551 4
2552 4
2553 4
2554 1
2555 1
2556 5
2557 1
2558 7
2559 1
2560 7
2102 4
2561 4
2509 4
2562 4
2381 5
2563 4
2564 4
2565 4
2566 1
2520 1
2569 5
2570 5
2567 1
2571 4
2572 6
2573 4
2574 4
2575 4
2576 4
2577 3
2578 4
2579 4
2580 4
2581 4
2584 4
2583 4
2585 1
2586 2
2587 4
2588 5
2589 5
2590 4
2591 4
2592 1
2582 1
2593 4
2594 4
2595 1
2596 1
2597 1
2598 1
2599 1
2600 1
2601 1
2602 1
2603 1
2604 1
2605 4
2607 1
2606 1
2608 1
2609 1
2610 7
2611 4
2612 4
2613 5
2614 1
2616 6
2617 4
2618 1
2619 1
2620 4
2621 1
2622 1
2623 1
2624 1
2625 1
2626 1
2627 1
2628 1
2629 1
2630 1
2631 1
2632 1
2633 1
2634 4
2636 4
2637 4
2638 5
2640 1
2639 1
2641 1
2642 4
2643 1
2644 1
2645 1
2646 4
2647 1
2648 4
2649 4
2650 4
2615 1
2652 4
2651 4
2654 5
2655 4
2656 1
2657 1
2658 1
2659 1
2660 4
2661 4
2662 5
2663 1
2664 4
2665 1
2666 1
2667 1
2668 1
2669 1
2670 4
2671 1
2672 4
2568 5
2673 1
2674 1
2676 5
2675 4
2635 4
2677 1
2678 4
2681 4
2680 4
2683 5
2679 1
2684 4
2685 1
2687 5
2689 4
2686 4
2690 4
2691 7
2692 4
2693 6
2694 1
2695 4
2696 4
2697 4
2698 4
2699 4
2700 4
2701 5
2702 4
2703 7
2704 4
2705 4
2706 4
2707 3
2708 3
2344 6
2709 4
2711 4
2712 4
2710 1
2714 5
2715 5
2713 1
2716 4
2717 5
2718 4
2719 5
2720 4
2721 4
2723 5
2724 4
2725 4
2726 4
2688 4
2653 1
2727 4
2728 4
2729 3
2730 5
2731 5
2732 4
2733 4
2734 4
2735 4
2736 1
2737 5
2738 4
2739 4
2740 1
2741 4
2742 6
2743 4
2744 4
2745 4
2391 4
2746 2
2747 4
2749 4
2722 1
2751 4
2752 4
2753 5
2257 4
2754 4
2755 6
2757 4
2759 4
2760 4
2761 7
2762 4
2763 4
2765 5
2766 4
2767 4
2769 5
2770 5
2768 5
2771 5
2772 4
2774 5
2773 4
2775 4
2776 5
2778 5
2779 4
2782 5
2783 4
2787 1
2788 4
2789 4
2790 3
2792 4
2794 7
2793 4
2796 4
2797 4
2791 1
2798 5
2800 5
2799 3
2795 4
2801 4
2802 4
2803 4
2804 5
2805 1
2806 4
2807 4
2809 4
2810 5
2811 5
2813 4
2812 2
2814 4
2816 4
2817 4
2818 1
2819 4
2820 4
2821 4
2822 4
2823 4
2824 5
2825 4
2826 4
2827 2
2292 4
2829 4
2831 4
2832 5
2808 1
2833 4
2834 4
2815 1
2835 1
2838 4
2828 5
2839 5
2840 4
2842 4
2843 4
2844 5
2846 4
2845 1
2847 4
2848 4
2849 1
2850 4
2851 4
2853 5
2854 4
2855 4
2856 4
2857 4
2858 4
2860 4
2861 4
2862 4
2863 5
2864 4
2865 5
2866 4
2867 4
2868 4
2869 4
2870 4
2748 4
2871 3
2777 4
2756 4
2750 4
2781 4
2784 4
2785 4
2830 4
2836 4
2852 4
2872 4
2786 5
2837 5
2873 4
2874 4
2875 4
2876 6
2877 1
2878 4
2879 4
2880 4
2881 4
2882 4
2883 1
2884 5
2885 4
2886 4
2889 4
2890 4
2891 4
2892 5
2893 4
2894 4
2895 4
2897 5
2898 4
2900 4
2901 4
2899 5
2896 5
2903 4
2904 4
2905 4
2906 4
2907 1
2908 4
2909 4
2910 4
2911 4
2912 4
2913 4
2914 4
2915 4
2916 1
2917 5
2918 1
2919 4
2920 4
2921 5
2922 4
2923 4
2924 4
2927 4
2926 4
2928 4
2929 1
2930 1
2931 4
2932 4
2933 6
2936 4
2937 5
1844 6
2938 1
2887 1
2939 4
2940 7
2941 4
2942 1
2943 4
2944 4
2945 4
2946 4
2934 1
2947 4
2948 5
2950 4
2951 4
2952 1
2682 5
2953 4
2954 4
2955 4
2956 5
2957 4
2949 4
2958 4
2959 4
2960 4
2961 5
2962 5
2963 4
2964 4
2758 4
2965 5
2966 5
2967 4
2968 4
2971 4
2972 4
2973 4
2974 4
2975 1
2976 4
2977 4
2978 4
2979 4
2980 4
2981 4
2969 1
2982 4
2983 4
2984 4
2985 4
2986 4
2988 5
2989 4
2925 5
2990 4
2991 6
2992 5
2993 4
2994 4
2995 4
2996 4
2997 4
2998 4
2999 5
3001 4
3002 4
3003 4
3004 5
3005 4
3006 4
3007 5
3008 4
3009 5
2987 4
3010 4
3011 5
3012 5
3000 5
3014 1
3015 1
3016 4
3017 4
3018 4
3019 4
3020 4
3021 3
3022 4
3023 4
3024 4
2841 4
3026 4
2902 5
3027 5
3028 4
3029 7
3030 4
3031 4
3032 5
3033 4
3013 4
3035 4
3034 4
3036 4
3037 4
3038 5
2935 5
3040 5
3041 6
3043 4
3044 4
3045 5
3046 5
3047 4
2764 4
3049 4
3050 4
3051 5
3052 4
3053 4
3054 4
3042 4
3055 7
3056 4
3057 5
3058 1
3059 6
3060 4
3061 4
3062 4
3063 4
3048 1
3064 4
3065 1
3066 4
3067 4
3068 5
3069 4
3070 6
3071 4
3072 4
3073 4
3074 1
3075 4
3076 4
3077 4
3078 5
3079 4
3080 4
3025 4
3081 5
3082 4
3083 5
3084 4
3085 3
3086 4
3087 4
3088 4
3089 1
2970 5
3090 4
3091 4
3092 4
3093 3
3094 5
3095 4
3096 4
3097 4
3098 4
3099 4
3100 4
3101 5
3102 4
3103 4
3104 4
3105 4
3106 1
3107 4
3108 4
3109 4
3110 4
3111 4
3112 1
3113 4
3114 4
3115 4
3117 5
3116 4
3118 4
3119 4
3120 4
3121 4
3123 4
3124 4
3125 4
3122 4
3126 4
3128 4
3129 4
3131 4
3130 1
3132 5
3133 4
3134 5
3135 7
3136 4
3137 5
3138 5
3139 5
3140 5
3141 5
3142 6
3143 5
3144 4
3145 4
3146 4
3147 4
3148 4
3149 5
3150 4
3151 5
3152 4
3153 4
3154 6
3156 1
3157 4
3158 4
3159 5
3160 5
3161 5
3162 4
3163 4
3164 4
3165 3
3166 4
3167 4
3168 4
3169 4
3170 4
3171 4
3172 4
3173 1
3174 5
3175 5
3176 4
3177 4
3180 5
3181 4
3182 7
3184 4
3185 4
3186 4
3187 6
3188 4
3189 1
3190 4
3191 4
3192 5
3193 5
3194 4
3195 5
3196 4
3197 1
3198 4
3199 4
3200 1
3201 4
3202 5
3203 4
3204 4
3205 4
3206 4
3207 5
3208 4
3209 6
3210 5
3211 5
3212 5
3213 1
3214 4
3215 5
3216 4
3217 4
3218 4
3219 4
3220 5
3221 4
3222 4
3223 4
3224 4
3225 4
3226 4
3227 4
3228 4
3229 4
3230 4
3231 1
3232 4
3233 4
3234 4
3235 4
3236 4
3039 5
3237 4
3238 4
3239 5
3240 4
3241 4
3242 4
3243 5
3244 4
3245 4
3246 5
3247 4
3248 5
3249 4
3250 4
3251 4
3252 4
3253 4
3254 4
3255 4
3256 4
3257 4
3258 5
3259 4
3260 4
3261 1
3263 5
3264 1
3265 1
3266 1
3268 5
3269 4
3270 1
3267 4
3272 4
3273 1
3274 4
3275 4
3276 4
3278 1
3280 4
3279 5
3282 4
3283 4
3284 4
3285 4
3286 4
3287 4
3289 4
3290 4
3291 6
3292 4
3293 5
3294 5
3295 4
3296 4
3297 4
3298 3
3299 5
3300 4
3302 4
3303 7
3304 1
3305 1
3271 5
3306 4
2888 5
3307 4
3308 5
3309 4
3310 6
3311 7
3312 5
3313 4
3314 5
3315 4
3316 4
3317 4
3318 4
3319 4
3320 4
3321 4
3322 4
3323 2
3324 2
3325 4
3326 4
3327 1
3328 5
3329 5
3330 5
3331 4
3332 5
3333 4
3334 5
3335 4
3336 4
3337 4
3338 4
3339 4
3340 4
3341 4
3342 4
3343 1
3344 4
3345 4
3346 6
3347 5
3348 4
3349 4
3350 4
3351 5
3352 4
3353 4
3354 4
3355 4
3356 5
3357 1
3358 5
3359 4
3360 4
3361 4
3362 1
3363 5
3365 1
3368 4
3369 5
3370 5
3371 4
3372 5
3288 5
3373 4
3374 5
3375 5
3376 7
3377 7
3378 4
3381 4
3367 1
3382 4
3383 4
3384 1
3385 4
3386 5
3387 5
3388 4
3389 4
3390 5
3391 4
3393 4
3364 5
3394 5
3395 4
3396 4
3397 5
3399 5
3400 4
3401 4
3402 4
3403 4
3277 4
3404 4
3405 4
3366 4
3407 4
3408 4
3409 4
3411 1
3410 5
3412 4
3413 1
3414 5
3415 4
3416 5
3417 4
3418 4
3419 4
3392 1
3420 4
3421 4
3422 5
3423 5
3424 4
3425 4
3426 5
3428 4
3429 4
3430 4
3431 4
3432 4
3434 6
3433 4
3436 4
3435 6
3437 4
3438 6
3127 4
3439 4
3441 4
3440 4
3442 5
3443 4
3444 4
3445 5
3446 5
3379 5
3447 4
3448 1
3449 4
3450 1
3451 1
3452 1
3453 1
3454 1
3455 5
3456 1
3457 5
3458 7
3459 1
3460 1
3461 1
3462 1
3463 1
3464 5
3465 1
3466 1
3467 2
3468 2
3469 4
3470 5
3471 4
3472 4
3473 5
3475 5
3476 1
3477 4
3478 5
3398 1
3479 4
3480 4
3482 4
3481 4
3483 6
3484 4
3485 5
3486 4
3487 5
3489 4
3490 6
3491 4
3492 4
3493 4
3494 5
3496 4
3497 1
3498 5
3499 4
3500 4
3501 4
3502 4
3503 4
3504 4
3505 4
3506 5
3507 4
3508 4
3509 4
3510 5
3511 5
3512 4
3513 4
3514 4
3515 4
3516 5
3518 5
3519 4
3520 5
3521 4
3522 4
3523 5
3524 4
3525 6
3526 4
3488 4
3527 4
3528 4
3529 4
3530 4
3531 4
3262 5
3533 4
3534 4
3535 4
3536 4
3538 4
3539 5
3540 4
3537 1
3495 6
3541 4
3542 1
3543 4
3544 4
3545 4
3546 5
3547 4
3549 4
3548 4
3550 4
3551 4
3553 4
3554 4
3555 4
3556 4
3557 4
3559 5
3561 4
3517 1
3562 6
3563 5
3564 4
3565 1
3566 4
3567 4
3560 1
3552 5
3568 4
3569 4
3570 5
3571 4
3574 4
3575 4
3576 4
3577 4
3578 4
3579 4
3582 4
3583 5
3584 4
3585 4
3581 5
3587 4
3588 4
3589 4
3590 4
3591 4
3592 4
3593 4
3595 5
3596 1
3597 4
3532 4
3572 5
3598 5
3600 5
3601 4
3602 5
3604 4
3605 4
3606 4
3607 5
3608 5
3594 4
3609 4
3610 4
3611 4
3612 5
3614 4
3615 4
3558 4
3616 4
3617 5
3619 4
3618 5
3620 7
3613 5
3622 5
3623 4
3624 4
3625 4
3627 4
3628 4
3629 4
3626 4
3630 5
3631 4
3632 4
3633 4
3634 7
3635 4
3636 5
3637 4
3638 6
3639 4
3640 5
3641 7
3642 1
3603 1
3643 4
3644 5
3645 4
3646 4
3647 1
3649 4
3648 4
3650 1
3651 4
3652 4
3653 5
3654 4
3655 4
3656 4
3657 4
3658 4
3659 1
3660 1
3661 4
3662 1
3663 1
3664 4
3666 4
3665 4
3667 4
3668 4
3669 1
3671 4
3621 5
3672 4
3673 4
3674 4
3675 4
3676 4
3677 4
3678 1
3679 5
3680 5
3681 4
3682 4
3683 4
3684 4
3685 4
3697 4
3698 4
3695 1
3694 1
3692 1
3691 1
3693 1
3690 1
3689 1
3688 1
3687 1
3686 1
3696 1
3699 4
3700 5
3701 5
3702 5
3703 4
3704 5
3705 4
3707 5
3708 4
3709 5
3710 4
3711 4
3712 4
3713 5
3714 5
3717 4
3718 4
3719 4
3720 4
3721 4
3722 4
3706 4
3715 6
3723 5
3725 4
3726 4
3724 5
3728 4
3729 4
3730 4
3731 4
3732 5
3733 4
3734 4
3736 5
3735 4
3737 4
3738 4
3739 5
3740 5
3741 5
3742 4
3743 4
3744 5
3745 4
3746 5
3747 4
3748 4
3749 4
3751 4
3752 5
3753 1
3754 4
3755 7
3756 4
3757 7
3758 5
3759 4
3760 4
3762 4
3763 4
3764 4
3766 4
3767 4
3768 4
3769 6
3770 4
3771 4
3772 5
3773 7
3774 4
3727 4
3765 5
3775 4
3776 5
3777 5
3778 5
3779 4
3780 4
3781 4
3782 4
3784 7
3785 4
3786 5
3787 4
3788 4
3789 4
3790 4
3178 4
3791 4
3792 4
3794 6
3796 5
3795 5
3783 4
3797 4
3798 6
3799 4
3800 4
3801 4
3802 4
3803 4
3804 4
3805 4
3806 3
3808 5
3807 5
3809 5
3810 5
3811 4
3812 4
3813 5
3815 5
3817 5
3818 4
3819 5
3820 4
3821 6
3822 4
3750 5
3823 4
3155 1
3824 4
3825 4
3826 4
3827 4
3828 4
3829 4
3830 4
3831 4
3832 4
3833 4
3834 4
3835 4
3836 4
3179 4
3837 4
3838 4
3839 4
3840 4
3841 4
3842 5
3843 4
3844 1
3845 4
3846 5
3847 4
3848 7
3849 4
3850 4
3851 4
3852 4
3853 4
3854 4
3855 5
3856 4
3857 5
3858 4
3859 7
3861 4
3862 4
3863 4
3864 4
3865 1
3866 4
3867 7
3868 4
3869 5
3870 4
3860 5
3871 4
3793 5
3872 4
3873 5
3874 5
3875 4
3876 4
1694 1
3877 4
3878 4
3880 4
3879 1
3761 4
3881 4
3882 4
3883 4
3884 5
3885 4
3886 4
3814 4
3887 4
3888 4
3889 5
3890 4
3891 4
3892 4
3893 6
3894 4
3427 5
3895 4
3896 4
3897 4
3898 4
3899 1
3901 4
3902 4
3900 4
3903 4
3904 4
3906 4
3907 4
3908 4
3909 4
3910 2
3911 4
3912 4
3913 4
3914 4
3915 4
3916 4
3917 4
3918 4
3919 5
3920 4
3716 4
3921 4
3922 4
3923 4
3924 4
3925 4
3926 4
3927 4
3928 4
3929 5
3930 4
3931 4
3932 4
3933 4
3934 4
3935 4
3936 4
3937 4
3938 4
3939 4
3941 4
3573 5
3942 4
3943 4
3944 4
3945 4
3946 4
3947 4
3948 4
3949 4
3950 4
3951 4
3952 4
3953 4
3905 6
3954 4
3955 4
3956 4
3957 4
3958 1
3959 4
3960 4
3961 4
3962 4
3963 4
3964 4
3965 4
3966 4
3580 6
3969 5
3970 4
3971 5
3972 4
3973 4
3974 4
3975 5
3976 4
3977 4
3978 4
3979 4
3980 1
3981 5
3982 4
3983 4
3984 4
3985 4
3986 4
3987 4
3967 4
3988 4
3989 4
3990 1
3991 5
3992 4
3816 1
3993 4
3995 4
3996 5
3997 4
3998 4
3999 5
4000 4
4002 4
4003 4
4004 1
4005 4
4006 4
4008 4
4009 4
4010 4
4001 5
4011 4
4012 4
4013 4
4015 4
4016 4
4017 4
4018 4
3994 4
4019 4
4020 4
4021 1
4022 4
4023 5
4024 5
4025 4
4026 7
4027 5
4029 4
4030 4
4031 4
4032 4
4033 4
4034 5
4035 4
4036 5
4037 4
4039 6
4040 4
4041 4
4042 4
4043 4
4028 5
4044 5
4045 4
4046 4
4048 4
4049 5
4050 4
4051 6
4052 4
4053 4
4054 4
4056 4
4057 4
4058 4
4059 4
4060 1
4061 4
4062 7
4063 1
3968 4
4064 4
4065 1
4066 5
4067 4
4068 5
4069 5
4070 4
4072 4
4073 4
4071 6
4074 4
4075 5
4076 4
4077 5
4007 5
4078 1
4079 4
4080 4
4081 4
4082 5
4083 4
4084 4
4085 5
4086 5
4087 4
4088 4
4090 4
4091 4
4092 4
4093 4
4094 5
4095 4
4089 5
4096 4
4038 5
3670 5
4097 5
4098 4
4099 4
4100 4
4101 5
4102 4
4103 5
4104 5
4105 4
4106 4
4107 5
3380 4
4108 4
4109 4
4110 4
4111 3
4112 5
4113 4
4114 4
4115 5
4116 4
4117 2
4118 5
4119 1
4120 4
4121 4
4122 4
4123 5
4124 4
4125 4
4126 4
4127 4
4128 6
4129 4
4130 4
4131 4
4132 5
4134 4
4135 4
4136 7
4137 5
4138 7
4139 4
4140 4
4141 5
4142 4
4143 6
4144 1
4145 4
4146 1
4147 4
4148 4
4149 4
4150 4
4151 1
4152 4
4153 4
4154 4
4155 5
4156 5
4157 5
4158 3
4159 4
4160 4
4163 5
4164 4
4165 4
4162 6
4161 5
4166 5
4167 4
4168 4
4169 4
4170 4
4171 4
4172 4
4173 4
4174 4
4175 4
4176 4
4177 4
4179 4
4180 4
4181 4
4182 4
4183 4
4178 4
4186 4
4187 4
4188 4
4189 5
4190 5
4192 4
4193 4
4194 4
4184 2
4195 1
4196 5
4197 4
4198 4
4199 5
4200 5
4201 4
4202 4
4203 4
4204 5
4205 4
4206 4
4185 4
4208 1
4209 5
4210 4
4211 4
4212 1
4213 4
4214 4
4215 6
4216 5
4217 4
4218 4
4219 4
4220 5
4221 4
4223 4
4224 4
4225 4
4226 7
4227 4
4222 1
4228 4
4229 1
4230 4
4231 5
4232 4
4233 4
4234 4
4235 5
4236 4
4237 4
4238 4
4239 4
4240 4
4241 4
4242 4
4243 4
4244 4
4245 4
4246 4
4247 5
4248 6
4249 4
4251 4
4252 1
4253 4
4254 4
4255 4
4256 1
4257 4
4258 4
4259 4
4260 1
4261 4
4262 4
4263 5
4264 4
4265 4
3599 6
4267 4
4268 5
4269 4
4270 5
4271 4
4272 5
4273 7
4274 7
4275 4
4276 4
4277 4
4278 4
4280 1
4281 1
4282 4
4283 4
4266 4
4285 4
4286 5
4287 4
4288 4
4289 1
4290 4
4291 5
4292 5
4293 4
4294 4
4296 4
4297 5
4298 1
4295 5
4299 4
4300 4
4301 5
4302 4
4303 4
4304 4
4305 4
4306 4
4307 4
4308 4
4310 4
4309 1
4311 4
4312 4
4313 4
4314 1
4315 4
4316 5
4317 4
4318 4
4319 4
4320 4
4322 4
4324 5
4325 5
4321 1
4326 4
4327 5
4328 1
4329 4
4330 1
4331 4
4332 5
4333 5
4334 4
4335 4
4336 4
4337 4
4339 6
4340 5
4341 4
4342 6
4343 4
4344 4
4345 4
4346 4
4347 4
4348 4
4349 4
4350 4
4351 4
4352 4
4353 4
4354 4
4355 4
4356 4
4357 5
4358 4
4360 4
4359 6
4361 5
4362 4
4363 4
4364 4
4365 4
4366 4
4367 4
4368 4
4369 5
4370 4
4371 1
4372 5
4373 4
4374 5
4376 4
4375 4
4377 4
4378 5
4379 3
4381 4
4380 1
4382 4
4383 5
4384 4
4385 5
4386 4
4388 4
4389 4
4390 5
4391 4
4392 5
4393 5
4394 4
4395 4
4396 4
4397 5
4398 2
4399 4
4400 4
4279 5
4401 1
4402 1
4047 1
4403 5
4404 4
4405 1
4406 5
4407 4
4408 4
4409 4
4410 1
4411 4
4387 4
4412 4
4413 4
4414 6
4415 4
4416 4
4417 4
4418 1
4419 4
4420 5
4421 4
4422 4
4423 4
4424 4
4425 4
4426 4
3586 5
4427 5
4428 4
4191 5
4429 1
4430 4
4431 1
4432 1
4433 4
4434 4
4435 4
4436 5
4437 4
4439 6
4440 4
4441 1
4442 1
4443 5
4444 4
4446 4
4447 5
4448 4
4449 4
4445 1
4450 4
4451 4
4452 4
4453 4
4454 4
4455 5
4456 4
4458 4
4459 4
4461 4
4464 5
4465 4
4466 4
4462 1
4467 4
4468 1
4469 1
4470 1
4471 4
4472 4
4463 1
4473 5
4474 1
4475 1
4476 4
4477 4
4478 5
4481 5
4457 4
4482 4
4483 1
4484 1
4485 5
4486 4
4480 4
4479 1
4487 4
4488 4
4489 5
4490 1
4491 6
4492 4
4493 5
4494 4
4495 4
4496 1
4497 4
4499 5
4500 4
4501 4
4502 5
4503 5
4504 4
4505 5
4498 1
4506 4
3406 5
4507 5
4508 1
4509 6
4510 7
4511 4
4512 4
4513 4
4514 4
4515 4
4516 4
4517 1
4518 1
4519 1
4520 3
4521 6
4522 4
4523 4
4524 4
4525 4
4526 1
4527 1
4528 4
4529 4
4530 4
4531 7
4532 4
4533 1
4534 1
4535 1
4536 1
4537 4
4538 1
4539 1
4540 1
4541 4
4542 1
4543 4
4544 1
4545 1
4546 4
4547 1
4548 1
4549 1
4550 1
4551 1
4552 1
4553 1
4554 1
4555 1
4556 1
4557 4
4558 1
4559 1
4560 1
4561 5
4562 4
4563 4
4564 1
4565 4
4566 4
4567 5
4568 3
4569 2
4570 4
4571 4
4572 1
4573 4
4574 4
4575 1
4576 4
4577 1
4578 1
4579 5
4580 1
4581 4
4583 1
4584 4
4585 1
4586 5
4587 5
4133 5
2452 7
4588 4
4589 4
4590 1
2313 4
4592 4
4593 4
4594 1
4595 5
4596 1
4598 1
4597 1
4599 1
4600 1
4601 6
4602 1
4603 1
4604 4
4605 1
4606 1
4607 4
4608 4
4609 1
4610 5
4611 7
4612 4
4613 5
4614 1
4615 5
4616 4
4617 4
4618 4
4619 6
4620 4
4621 4
4622 4
4623 4
4624 1
4625 4
4438 4
4626 4
4627 5
4629 4
4628 4
4630 4
4631 4
4632 4
4633 4
4634 4
4635 4
4636 1
4637 1
4638 5
4639 4
4640 4
4641 4
4642 4
4643 4
4644 4
4645 4
4646 4
4647 4
4648 4
4649 4
4650 4
4651 4
4652 4
4653 4
4654 4
4655 4
4656 5
4657 4
4658 5
4659 4
4660 4
4661 5
4662 4
4663 4
4664 4
4665 5
4666 4
4667 4
4668 4
4669 4
4670 4
4671 4
4672 4
4673 4
4674 4
4675 4
4676 4
4677 4
4678 4
4679 4
4680 4
4681 4
4682 4
4683 4
4684 4
4685 4
4686 4
4687 4
4688 4
4689 4
4690 4
4582 4
4691 4
4692 4
4693 6
4694 1
4695 4
4697 4
4699 1
4700 4
4701 2
4702 1
4703 4
4696 1
4704 4
4705 4
4706 4
4707 5
4708 4
4709 1
4698 1
4710 4
4711 4
4712 4
4713 4
4714 4
4715 2
4716 1
4717 4
4718 1
4719 4
4720 1
4722 4
4723 4
4724 7
4725 7
4726 4
4729 4
4728 4
4730 4
4731 1
4732 4
4733 5
4734 4
4735 1
4736 4
4738 5
4739 4
4740 4
4741 4
4742 1
4743 1
4744 5
4745 4
4746 4
4747 4
4748 4
4749 4
4750 4
4751 1
4727 4
4737 4
4752 4
4753 4
4754 4
4755 5
4756 4
4757 5
4758 1
4759 4
4760 4
4761 4
4762 4
4763 6
4764 4
4765 5
4766 4
4767 1
4768 6
4769 1
4770 4
4771 4
4772 4
4773 4
4774 5
4775 4
4776 4
4777 4
4778 4
4779 5
4780 4
4781 5
4782 4
4783 5
4784 4
4785 7
4787 5
4788 4
4789 4
4791 4
4792 4
4793 5
4794 4
4790 1
4795 5
4796 4
4797 6
4798 4
4799 3
4800 4
4250 6
4338 5
4802 4
4803 5
4801 1
4805 4
4806 4
4807 4
4808 4
4809 2
4810 4
4811 4
4812 4
4813 4
4814 4
4815 4
4816 4
4817 4
4818 4
4820 7
4821 1
4822 4
4823 4
4824 5
4825 4
4826 5
4827 5
4828 4
4829 4
4830 4
4831 4
4832 4
4833 4
4834 4
4835 4
4836 1
4837 4
4838 4
4840 4
4819 5
4841 4
4842 5
4843 5
4839 4
4844 5
4845 4
4846 4
4847 4
4848 4
4849 4
4850 4
4851 4
4852 4
4853 4
4854 4
4855 4
4856 4
4857 4
4858 4
4859 4
4860 5
4861 4
4862 4
4591 5
3301 5
3940 1
2417 5
4804 6
