1 0
2 1
13 1
21 1
22 2
33 2
59 1
60 0
61 0
62 0
63 1
64 1
67 1
75 0
81 1
82 1
83 2
84 1
89 2
90 0
91 1
92 0
93 1
94 0
95 2
105 0
106 0
107 0
108 1
126 0
127 0
129 1
130 1
139 1
153 0
154 0
168 1
170 1
182 2
183 1
184 0
185 0
186 0
187 0
188 0
189 1
190 2
191 2
237 0
244 0
245 2
250 2
257 1
258 0
274 2
275 0
276 1
281 1
284 1
287 0
288 0
290 0
305 2
308 2
314 0
315 1
316 0
317 0
319 1
328 1
333 1
338 1
339 1
340 0
341 0
348 0
349 0
350 0
351 0
352 0
356 1
357 1
358 1
365 1
385 1
388 2
389 2
398 2
405 2
410 2
411 1
416 2
421 2
440 2
447 1
454 2
457 1
458 0
467 2
474 0
475 0
486 2
488 0
489 1
492 2
494 1
496 1
497 1
500 2
510 0
512 1
513 1
514 1
519 2
525 1
526 0
527 1
532 1
533 0
534 1
535 1
539 2
549 0
556 1
565 1
566 1
567 1
569 2
573 2
579 2
585 1
587 1
589 2
592 0
593 1
596 1
597 1
598 1
604 2
610 0
613 2
617 0
636 2
658 0
659 1
668 0
672 2
674 1
675 0
678 1
685 2
695 0
702 2
720 1
723 2
735 0
737 2
739 1
753 1
757 0
764 1
766 0
767 0
768 0
769 0
770 1
784 0
786 2
787 2
829 0
830 1
831 0
832 2
836 1
837 0
838 0
848 1
853 2
856 1
859 2
862 2
865 0
866 0
867 0
869 2
874 0
883 0
884 1
887 2
892 0
893 0
898 1
900 1
911 0
912 0
913 0
914 0
915 0
917 1
921 2
923 0
924 1
927 1
931 2
932 0
933 1
936 0
953 0
954 0
958 2
964 0
965 1
967 1
968 0
976 1
977 0
978 0
1005 1
1006 0
1030 0
1032 1
1046 2
1050 0
1051 1
1052 0
1057 0
1058 1
1060 1
1075 2
1078 1
1085 0
1087 1
1088 0
1101 2
1116 0
1117 0
1119 1
1125 2
1158 1
1165 2
1167 0
1168 1
1169 0
1170 1
1187 0
1188 0
1189 0
1192 1
1194 1
1195 2
1196 1
1197 1
1198 1
1199 1
1203 2
1206 1
1210 1
1220 2
1221 1
1222 1
1223 0
1224 0
1225 0
1231 1
1254 1
1255 0
1256 0
1257 1
1258 1
1262 1
1263 1
1265 2
1273 2
1277 0
1280 2
1281 0
1286 1
1293 2
1297 0
1298 2
1299 0
1300 0
1301 0
1307 1
1308 0
1311 1
1318 1
1323 2
1325 1
1326 0
1328 1
1331 2
1338 1
1339 0
1357 0
1358 1
1362 1
1365 2
1377 0
1378 0
1387 0
1388 0
1402 1
1405 1
1406 0
1417 2
1422 0
1426 1
1427 0
1433 1
1434 0
1440 1
1441 0
1446 0
1447 1
1448 1
1450 1
1452 1
1457 0
1460 1
1479 0
1480 0
1481 0
1484 1
1485 1
1488 2
1489 0
1490 0
1499 2
1500 2
1505 0
1506 0
1514 0
1515 0
1516 0
1546 0
1560 2
1564 2
1568 2
1575 2
1579 0
1585 0
1588 2
1589 1
1597 1
1598 0
1602 1
1606 1
1613 0
1614 1
1615 0
1621 1
1622 0
1623 1
1624 0
1625 0
1629 2
1634 0
1637 1
1643 0
1644 1
1656 0
1679 1
1680 0
1685 1
1687 0
1688 0
1689 1
1690 1
1691 1
1692 0
1693 0
1694 0
1695 1
1696 0
1697 0
1700 1
1715 1
1717 1
1718 1
1719 0
1720 2
1727 1
1728 1
1729 1
1734 2
1736 0
1737 0
1738 0
1753 0
1754 0
1755 1
1760 0
1761 0
1764 1
1768 2
1770 1
1771 0
1772 0
1776 0
1777 1
1780 2
1784 0
1793 0
1794 1
1797 0
1798 1
1799 0
1808 0
1809 0
1811 1
1814 0
1815 1
1819 1
1820 0
1828 1
1829 1
1833 1
1834 0
1835 1
1842 1
1845 0
1848 0
1854 0
1855 0
1871 2
1875 1
1876 0
1877 0
1878 0
1879 0
1880 0
1881 0
1882 0
1883 0
1891 0
1892 0
1896 2
1899 0
1900 1
1904 2
1906 1
1914 2
1920 1
1921 1
1922 0
1923 0
1924 1
1927 2
1931 0
1932 0
1937 1
1938 0
1941 0
1943 0
1944 1
1945 0
1951 0
1952 0
1953 0
1956 1
1959 2
1960 1
1961 0
1962 1
1963 2
1966 0
1967 0
1970 0
1971 2
1976 0
1984 0
1985 1
1990 1
1991 1
1992 0
1994 1
2001 0
2003 1
2004 0
2005 1
2009 2
2010 0
2011 1
2012 0
2013 0
2014 0
2024 1
2025 0
2030 0
2038 0
2039 2
2048 1
2055 2
2065 0
2066 1
2083 0
2087 2
2088 2
2100 0
2101 1
2102 1
2103 1
2104 1
2105 1
2106 1
2126 2
2129 0
2132 2
2143 1
2151 2
2166 0
2173 1
2175 2
2186 2
2187 2
2189 1
2192 1
2193 2
2194 0
2195 1
2196 0
2200 2
2201 1
2202 1
2203 1
2206 2
2207 0
2208 2
2209 2
2211 0
2212 1
2213 0
2214 0
2215 0
2217 0
2224 0
2225 1
2229 2
2234 0
2235 0
2242 0
2243 0
2244 1
2245 0
2246 1
2249 0
2250 0
2252 1
2253 1
2255 2
2257 0
2268 0
2269 0
2272 0
2273 1
2279 1
2289 0
2290 0
2291 1
2300 0
2314 2
2335 1
2342 0
2349 2
2370 1
2371 0
2378 1
2383 2
2389 0
2390 1
2391 1
2393 1
2397 1
2398 1
2410 2
2412 1
2427 0
2428 0
2430 0
2431 1
2439 2
2443 0
2450 0
2451 1
2456 2
2469 0
2470 1
2479 0
2480 0
2482 1
2483 0
2484 0
2485 1
2486 1
2488 1
2490 2
2501 2
2502 1
2504 1
2507 1
2518 1
2522 2
2524 1
2531 2
2532 1
2533 0
2553 2
2559 2
2568 2
2587 1
2588 1
2594 2
2598 1
2609 2
2611 1
2622 2
2624 2
2626 2
2631 2
2639 2
2655 2
2664 2
2665 1
2669 2
2680 1
2688 1
2701 1
2711 0
2712 0
2716 1
2718 2
2723 0
2724 1
2728 2
2730 2
2734 2
2737 2
2750 1
2753 1
2760 1
2761 2
2762 1
2778 0
2780 2
2793 1
2794 2
2815 2
2820 2
2830 2
2846 2
2861 2
2868 1
2876 0
2884 1
2886 0
2895 2
2897 2
2903 1
2924 1
2925 1
2926 1
2929 2
2934 2
2939 1
2953 2
2954 0
2958 2
2961 2
2992 1
2996 1
3007 1
3009 0
3010 2
3017 0
3018 0
3061 2
3069 2
3078 2
3082 2
3153 0
3156 1
3158 1
3160 2
3163 2
3171 2
3174 1
3187 2
3190 0
3191 0
3198 0
3201 2
3208 1
3215 1
3234 1
3235 1
3241 0
3254 2
3257 2
3268 2
3271 1
3277 1
3296 1
3306 2
3320 1
3321 2
3323 2
3327 2
3348 0
3349 0
3358 2
3364 0
3370 0
3374 2
3380 0
3382 2
3386 1
3387 1
3388 1
3389 1
3390 1
3430 0
3432 1
3439 2
3450 2
3466 2
3470 2
3473 2
3480 0
3481 1
3482 0
3487 1
3488 0
3489 1
3490 0
3512 1
3521 2
3524 2
3532 1
3546 1
3547 1
3551 0
3552 1
3579 1
3580 1
3581 0
3591 1
3599 2
3605 2
3611 1
3612 2
3623 2
3653 1
3664 1
3679 1
3697 1
3702 2
3716 1
3719 0
3722 2
3725 0
3726 0
3727 2
3729 2
3730 1
3731 1
3732 1
3735 1
3753 2
3757 0
3759 1
3767 1
3768 1
3772 1
3787 1
3788 0
3790 1
3791 1
3797 1
3813 0
3815 2
3817 0
3842 2
3847 1
3852 2
3855 0
3856 1
3885 0
3892 1
3894 0
3904 2
3914 0
3919 1
3940 2
3942 0
3950 1
3951 2
3960 2
3964 2
3987 1
3998 2
3999 2
4000 1
4004 0
4007 0
4008 0
4009 0
4019 1
4023 2
4030 2
4032 2
4038 2
4046 2
4060 2
4081 2
4118 2
4157 1
4163 2
4179 2
4202 1
4203 1
4229 2
4242 2
4248 2
4253 2
4261 0
4263 1
4267 1
4284 0
4285 0
4289 2
4290 2
4294 2
4296 1
4302 2
4311 2
4339 2
4360 1
4379 2
4397 2
4401 0
4410 1
4412 0
4424 0
4470 0
4474 0
4478 1
4481 2
4485 1
4490 1
4495 1
4500 2
4510 2
4517 1
4523 2
4529 2
4533 0
4539 2
4545 2
4549 0
4555 1
4564 1
4567 2
4572 2
4580 1
4597 0
4598 1
4604 1
4608 2
4627 0
4639 2
4647 1
4648 1
4649 0
4651 1
4653 1
4654 2
4661 2
4674 2
4687 1
4705 2
4706 1
4722 2
4727 2
4729 2
4740 1
4776 2
4785 0
4786 0
4790 0
4810 1
4811 1
4826 2
4828 2
4835 1
4878 2
4881 2
4882 0
4889 2
4896 2
4925 0
4926 2
4945 1
4953 0
4960 1
4962 2
4963 0
4969 2
4973 1
4979 0
5004 2
5007 2
5073 0
5077 1
5078 0
5079 0
5080 0
5081 0
5082 0
5083 0
5084 0
5085 1
5086 2
5097 2
5110 2
5112 2
5141 2
5147 1
5171 1
5172 2
5189 0
5190 0
5201 2
5218 2
5234 0
5235 0
5236 0
5237 1
5238 0
5239 2
5240 0
5241 0
5243 0
5244 0
5245 0
5246 1
5247 0
5248 0
5249 0
5250 0
5251 2
5252 1
5253 0
5254 1
5255 0
5256 0
5259 2
5264 2
5278 2
5294 2
5296 2
5301 2
5309 0
5311 1
5313 0
5314 1
5318 2
5320 1
5332 2
5335 2
5338 2
5342 2
5346 2
5352 2
5354 1
5360 2
5393 2
5397 0
5412 0
5419 2
5421 2
5422 0
5425 1
5429 1
5431 2
5434 1
5436 1
5441 0
5443 2
5465 0
5466 0
5467 1
5476 0
5477 0
5480 0
5481 0
5482 2
5514 1
5529 2
5556 2
5557 2
5558 2
5561 1
5567 1
5570 1
5589 0
5623 0
5654 2
5676 0
5689 0
5690 0
5691 0
5703 0
5704 0
5705 0
5710 2
5721 1
5733 1
5734 1
5735 1
5740 0
5742 2
5746 1
5747 1
5749 0
5751 2
5756 2
5760 1
5768 2
5769 1
5777 0
5780 1
5806 2
5820 2
5834 1
5863 2
5880 1
5890 2
5891 2
5892 0
5895 2
5910 2
5911 2
5917 0
5926 0
5932 0
5937 2
5964 0
5980 0
5993 2
6001 1
6008 0
6009 2
6029 0
6030 2
6033 1
6039 2
6041 0
6044 1
6055 0
6056 2
6057 2
6104 0
6133 0
6136 0
6147 0
6162 2
6169 0
6182 1
6185 1
6186 2
6201 1
6202 0
6206 0
6210 0
6211 0
6214 0
6217 1
6228 2
6234 2
6235 2
6239 0
6250 1
6257 2
6263 1
6269 1
6270 0
6278 0
6286 1
6288 1
6289 1
6306 2
6330 2
6352 2
6379 2
6387 1
6401 2
6402 2
6412 0
6417 2
6422 0
6423 2
6431 2
6432 2
6437 0
6438 2
6445 1
6453 2
6465 2
6474 0
6476 1
6487 0
6488 0
6492 2
6497 2
6515 2
6524 2
6527 1
6540 2
6543 2
6562 2
6576 0
6579 1
6584 1
6605 2
6607 2
6610 2
6616 0
6617 2
6625 0
6627 1
6643 0
6644 0
6685 0
6689 0
6711 0
6716 0
6721 1
6728 0
6751 1
6756 2
6769 0
6770 1
6774 2
6790 2
6800 2
6803 1
6843 0
6844 2
6859 2
6872 2
6875 1
6876 0
6877 1
6878 1
6879 1
6880 0
6881 0
6904 2
6918 2
6933 0
6942 2
6950 0
6951 1
6952 1
6954 1
6959 1
6966 2
6974 0
6976 1
6979 2
6983 2
6988 2
6995 1
7005 2
7006 2
7035 2
7053 2
7063 0
7068 2
7076 0
7078 1
7085 2
7094 0
7099 2
7110 1
7128 1
7140 1
7157 2
7161 0
7162 2
7164 2
7192 2
7195 2
7250 2
7268 0
7269 1
7270 1
7271 1
7272 2
7273 1
7274 0
7275 1
7276 1
7287 2
7297 0
7298 0
7302 2
7306 1
7313 2
7331 0
7338 0
7339 2
7342 1
7363 1
7377 1
7382 2
7395 0
7403 1
7422 2
7427 2
7432 2
7433 2
7442 0
7446 1
7447 1
7449 0
7462 0
7477 0
7481 1
7483 0
7496 0
7500 1
7520 2
7522 0
7540 2
7554 1
7561 2
7562 1
7564 0
7580 2
7602 0
7603 2
7623 2
7641 0
7659 0
7686 1
7688 2
7695 2
7712 2
7786 2
7788 2
7792 2
7811 2
7829 2
7847 2
7861 1
7872 1
7873 1
7879 2
7908 2
7931 2
7933 0
7934 2
7938 2
7946 1
7947 0
7948 0
7950 0
7954 1
7955 0
7960 2
7962 2
7969 2
7979 0
7980 1
7981 0
7988 1
7990 1
8005 2
8017 2
8022 2
8049 1
8065 2
8068 2
8078 2
8086 0
8108 2
8109 2
8123 2
8131 2
8160 2
8168 0
8186 1
8190 1
8230 0
8247 0
8260 0
8272 0
8289 2
8311 2
8354 2
8356 0
8368 1
8391 2
8399 2
8400 2
8401 0
8409 1
8414 2
8438 1
8439 0
8440 0
8443 0
8444 1
8451 2
8452 0
8453 0
8454 2
8471 0
8483 1
8489 2
8502 2
8508 2
8509 2
8510 0
8511 0
8516 0
8517 2
8529 0
8544 2
8558 2
8562 2
8580 2
8595 2
8600 0
8602 2
8604 0
8605 0
8614 1
8615 2
8626 2
8628 2
8632 2
8635 1
8641 2
8650 1
8655 0
8657 1
8665 2
8666 2
8673 2
8731 1
8739 1
8745 1
8792 2
8794 1
8795 2
8797 2
8798 0
8807 2
8809 2
8818 0
8830 2
8847 2
8852 2
8855 1
8881 2
8915 0
8919 2
8922 1
8939 1
8945 1
8946 2
8947 0
8959 1
8980 1
8988 2
8997 0
9001 2
9006 2
9030 0
9031 2
9032 1
9035 2
9056 1
9065 2
9076 2
9083 2
9098 2
9099 2
9115 2
9116 0
9117 1
9126 2
9127 0
9161 1
9184 2
9209 2
9221 1
9228 0
9231 0
9234 0
9238 1
9241 1
9250 2
9265 2
9270 1
9273 2
9332 0
9344 0
9348 0
9357 1
9385 2
9390 1
9392 1
9393 1
9406 0
9413 1
9418 2
9439 2
9443 2
9445 2
9459 1
9468 1
9473 2
9483 2
9489 2
9500 2
9510 1
9517 2
9533 2
9537 0
9538 0
9553 2
9554 0
9558 2
9559 2
9579 0
9594 1
9597 2
9600 1
9601 2
9606 0
9607 0
9614 2
9624 0
9630 1
9633 2
9638 0
9642 1
9643 2
9652 2
9658 1
9672 2
9680 2
9681 2
9686 2
9701 2
9706 1
9709 2
9728 2
9749 1
9777 1
9803 2
9812 2
9827 1
9832 1
9835 1
9836 1
9844 1
9886 0
9888 1
9891 1
9893 0
9894 2
9896 1
9900 2
9932 2
9939 1
9971 1
9973 2
9981 0
9990 1
10022 0
10023 1
10024 1
10036 0
10060 2
10064 2
10071 1
10095 2
10106 0
10109 2
10119 1
10120 0
10151 2
10152 2
10171 2
10195 1
