0 2
1 2
2 0
3 2
4 2
5 2
6 2
7 2
8 2
9 2
10 2
11 2
12 2
13 2
14 2
15 2
16 2
17 2
18 2
19 2
20 2
21 2
22 2
23 1
24 2
25 1
26 2
27 2
28 2
29 2
30 2
31 0
32 2
33 1
34 2
35 2
36 1
37 2
38 2
39 1
40 2
41 2
42 2
43 0
44 0
45 2
46 1
47 2
48 2
49 2
50 2
51 1
52 2
53 1
54 0
55 2
56 2
57 2
58 1
59 2
60 2
61 1
62 1
63 1
64 2
65 2
66 2
67 1
68 2
69 2
70 2
71 2
72 2
73 2
74 1
75 2
76 2
77 1
78 2
79 1
80 2
81 2
82 2
83 2
84 2
85 2
86 2
87 2
88 2
89 2
90 1
91 2
92 2
93 2
94 1
95 2
96 1
97 2
98 1
99 1
100 1
101 2
102 1
103 2
104 2
105 2
106 2
107 1
108 2
109 1
110 2
111 2
112 1
113 1
114 2
115 1
116 2
117 2
118 2
119 1
120 2
121 2
122 2
123 1
124 2
125 2
126 2
127 2
128 2
129 1
130 2
131 1
132 2
133 1
134 2
135 2
136 2
137 2
138 1
139 2
140 0
141 2
142 2
143 1
144 2
145 2
146 1
147 2
148 1
149 2
150 2
151 1
152 2
153 2
154 2
155 1
156 1
157 1
158 2
159 2
160 2
161 2
162 2
163 2
164 2
165 0
166 1
167 2
168 2
169 2
170 2
171 1
172 1
173 2
174 2
175 2
176 2
177 1
178 2
179 2
180 2
181 1
182 2
183 2
184 2
185 2
186 1
187 2
188 2
189 2
190 2
191 1
192 2
193 2
194 2
195 2
196 1
197 1
198 2
199 2
200 2
201 2
202 1
203 2
204 2
205 2
206 2
207 1
208 2
209 2
210 2
211 2
212 1
213 0
214 2
215 1
216 2
217 2
218 2
219 1
220 0
221 2
222 1
223 2
224 2
225 2
226 2
227 1
228 2
229 2
230 2
231 1
232 2
233 2
234 2
235 2
236 2
237 2
238 2
239 2
240 2
241 1
242 2
243 2
244 2
245 2
246 1
247 1
248 1
249 2
250 1
251 1
252 2
253 1
254 1
255 2
256 2
257 2
258 2
259 2
260 2
261 2
262 1
263 1
264 2
265 1
266 1
267 1
268 2
269 1
270 0
271 1
272 2
273 1
274 2
275 0
276 1
277 1
278 2
279 2
280 2
281 2
282 2
283 1
284 1
285 1
286 1
287 1
288 2
289 1
290 2
291 2
292 2
293 2
294 2
295 2
296 2
297 2
298 2
299 2
300 2
301 2
302 2
303 2
304 2
305 2
306 2
307 1
308 2
309 1
310 2
311 2
312 2
313 2
314 1
315 1
316 2
317 2
318 2
319 2
320 2
321 2
322 2
323 2
324 2
325 2
326 2
327 1
328 1
329 2
330 1
331 1
332 2
333 2
334 1
335 2
336 2
337 2
338 1
339 1
340 1
341 2
342 1
343 1
344 2
345 1
346 2
347 1
348 1
349 1
350 2
351 1
352 2
353 2
354 2
355 2
356 1
357 2
358 2
359 2
360 2
361 2
362 1
363 1
364 2
365 1
366 2
367 1
368 2
369 1
370 0
371 1
372 1
373 2
374 2
375 2
376 2
377 2
378 2
379 2
380 2
381 2
382 2
383 0
384 2
385 2
386 2
387 2
388 2
389 1
390 1
391 2
392 1
393 2
394 1
395 1
396 2
397 2
398 1
399 1
400 2
401 2
402 1
403 2
404 1
405 1
406 2
407 2
408 2
409 2
410 1
411 2
412 1
413 1
414 2
415 2
416 2
417 1
418 1
419 1
420 2
421 2
422 2
423 0
424 2
425 2
426 2
427 0
428 2
429 2
430 1
431 1
432 0
433 1
434 2
435 2
436 2
437 1
438 2
439 2
440 2
441 1
442 1
443 2
444 2
445 1
446 2
447 1
448 1
449 2
450 2
451 2
452 2
453 2
454 2
455 2
456 1
457 2
458 2
459 2
460 2
461 2
462 2
463 1
464 1
465 1
466 1
467 2
468 1
469 1
470 1
471 1
472 0
473 1
474 2
475 1
476 2
477 1
478 2
479 2
480 2
481 2
482 2
483 2
484 1
485 2
486 2
487 2
488 2
489 2
490 2
491 1
492 1
493 2
494 2
495 2
496 2
497 2
498 2
499 2
500 2
501 1
502 2
503 1
504 2
505 2
506 2
507 2
508 2
509 1
510 2
511 2
512 1
513 2
514 2
515 1
516 1
517 2
518 2
519 2
520 2
521 1
522 1
523 2
524 2
525 1
526 0
527 1
528 1
529 2
530 1
531 1
532 2
533 0
534 2
535 2
536 1
537 2
538 1
539 1
540 1
541 1
542 2
543 1
544 2
545 1
546 2
547 2
548 1
549 1
550 2
551 2
552 2
553 0
554 1
555 1
556 1
557 2
558 1
559 1
560 1
561 1
562 2
563 1
564 2
565 2
566 2
567 2
568 1
569 2
570 1
571 1
572 2
573 1
574 1
575 2
576 2
577 1
578 1
579 1
580 2
581 1
582 2
583 1
584 2
585 2
586 2
587 1
588 1
589 2
590 2
591 2
592 1
593 2
594 2
595 1
596 2
597 2
598 2
599 2
600 2
601 0
602 2
603 1
604 2
605 2
606 2
607 1
608 1
609 2
610 2
611 2
612 2
613 2
614 2
615 1
616 2
617 2
618 1
619 1
620 2
621 1
622 2
623 2
624 2
625 2
626 2
627 1
628 2
629 2
630 1
631 0
632 2
633 1
634 1
635 1
636 1
637 2
638 1
639 2
640 1
641 2
642 2
643 1
644 1
645 2
646 2
647 2
648 2
649 1
650 1
651 1
652 1
653 2
654 1
655 1
656 2
657 2
658 1
659 2
660 2
661 1
662 1
663 2
664 1
665 1
666 2
667 2
668 2
669 1
670 1
671 2
672 0
673 2
674 2
675 2
676 2
677 2
678 1
679 2
680 1
681 2
682 1
683 2
684 2
685 0
686 1
687 1
688 2
689 2
690 1
691 2
692 0
693 2
694 2
695 1
696 1
697 1
698 1
699 1
700 1
701 1
702 2
703 1
704 1
705 1
706 2
707 2
708 2
709 1
710 1
711 1
712 2
713 2
714 2
715 1
716 2
717 1
718 1
719 2
720 1
721 2
722 1
723 1
724 1
725 0
726 2
727 2
728 2
729 2
730 1
731 2
732 1
733 1
734 2
735 1
736 2
737 2
738 2
739 2
740 1
741 1
742 1
743 1
744 1
745 0
746 0
747 1
748 1
749 1
750 2
751 1
752 1
753 1
754 1
755 1
756 1
757 2
758 2
759 1
760 2
761 2
762 1
763 0
764 0
765 1
766 2
767 1
768 2
769 1
770 2
771 1
772 1
773 2
774 1
775 1
776 2
777 1
778 2
779 2
780 1
781 1
782 2
783 0
784 2
785 1
786 2
787 1
788 1
789 2
790 1
791 0
792 1
793 2
794 2
795 1
796 1
797 2
798 2
799 2
800 2
801 1
802 1
803 2
804 1
805 2
806 2
807 2
808 1
809 2
810 1
811 2
812 2
813 1
814 1
815 2
816 2
817 2
818 1
819 2
820 2
821 1
822 2
823 2
824 2
825 2
826 2
827 2
828 2
829 0
830 2
831 2
832 2
833 2
834 2
835 1
836 1
837 2
838 2
839 2
840 2
841 2
842 1
843 2
844 2
845 2
846 1
847 1
848 1
849 2
850 1
851 2
852 2
853 2
854 0
855 2
856 1
857 2
858 2
859 2
860 1
861 2
862 2
863 2
864 1
865 0
866 2
867 2
868 2
869 1
870 2
871 2
872 2
873 1
874 2
875 1
876 2
877 1
878 1
879 2
880 2
881 2
882 2
883 1
884 1
885 2
886 2
887 2
888 2
889 2
890 2
891 2
892 1
893 2
894 2
895 2
896 2
897 1
898 1
899 2
900 2
901 1
902 2
903 2
904 2
905 2
906 2
907 2
908 2
909 2
910 1
911 2
912 2
913 1
914 2
915 2
916 0
917 0
918 2
919 2
920 1
921 1
922 2
923 2
924 2
925 1
926 2
927 2
928 1
929 1
930 2
931 2
932 2
933 2
934 2
935 1
936 1
937 1
938 2
939 2
940 1
941 1
942 1
943 0
944 2
945 1
946 2
947 2
948 2
949 1
950 2
951 2
952 1
953 1
954 1
955 2
956 2
957 1
958 1
959 2
960 2
961 2
962 2
963 2
964 2
965 1
966 1
967 2
968 2
969 2
970 2
971 2
972 2
973 2
974 2
975 1
976 1
977 2
978 2
979 2
980 1
981 1
982 1
983 2
984 2
985 1
986 2
987 1
988 1
989 1
990 2
991 2
992 1
993 2
994 1
995 1
996 2
997 2
998 1
999 2
1000 2
1001 1
1002 1
1003 1
1004 2
1005 2
1006 2
1007 2
1008 1
1009 2
1010 1
1011 1
1012 2
1013 1
1014 1
1015 2
1016 2
1017 1
1018 1
1019 2
1020 2
1021 2
1022 2
1023 2
1024 2
1025 1
1026 2
1027 2
1028 1
1029 1
1030 1
1031 0
1032 2
1033 0
1034 2
1035 2
1036 2
1037 2
1038 2
1039 2
1040 2
1041 2
1042 2
1043 2
1044 1
1045 2
1046 2
1047 2
1048 1
1049 2
1050 2
1051 2
1052 1
1053 2
1054 1
1055 1
1056 1
1057 2
1058 0
1059 2
1060 1
1061 2
1062 1
1063 2
1064 2
1065 1
1066 2
1067 1
1068 1
1069 1
1070 1
1071 1
1072 2
1073 2
1074 2
1075 0
1076 1
1077 1
1078 2
1079 1
1080 2
1081 2
1082 1
1083 1
1084 2
1085 1
1086 1
1087 2
1088 2
1089 1
1090 2
1091 2
1092 2
1093 1
1094 2
1095 1
1096 1
1097 1
1098 0
1099 0
1100 0
1101 0
1102 0
1103 0
1104 0
1105 1
1106 1
1107 2
1108 1
1109 1
1110 1
1111 1
1112 1
1113 0
1114 1
1115 1
1116 2
1117 1
1118 2
1119 1
1120 1
1121 2
1122 1
1123 2
1124 2
1125 2
1126 1
1127 2
1128 2
1129 1
1130 2
1131 1
1132 1
1133 2
1134 1
1135 1
1136 1
1137 1
1138 2
1139 1
1140 1
1141 1
1142 2
1143 1
1144 2
1145 1
1146 2
1147 1
1148 1
1149 1
1150 2
1151 1
1152 1
1153 1
1154 1
1155 2
1156 0
1157 0
1158 1
1159 1
1160 2
1161 1
1162 1
1163 2
1164 1
1165 1
1166 1
1167 1
1168 1
1169 1
1170 0
1171 2
1172 1
1173 2
1174 1
1175 1
1176 2
1177 2
1178 2
1179 2
1180 1
1181 2
1182 2
1183 1
1184 1
1185 2
1186 2
1187 1
1188 1
1189 1
1190 1
1191 1
1192 1
1193 1
1194 1
1195 2
1196 2
1197 1
1198 2
1199 2
1200 1
1201 1
1202 2
1203 2
1204 2
1205 2
1206 2
1207 1
1208 2
1209 1
1210 2
1211 2
1212 2
1213 1
1214 1
1215 1
1216 2
1217 1
1218 1
1219 2
1220 2
1221 2
1222 2
1223 1
1224 1
1225 1
1226 2
1227 2
1228 2
1229 1
1230 2
1231 1
1232 1
1233 2
1234 2
1235 2
1236 1
1237 1
1238 1
1239 2
1240 2
1241 2
1242 1
1243 2
1244 1
1245 2
1246 1
1247 1
1248 2
1249 2
1250 2
1251 2
1252 0
1253 1
1254 1
1255 1
1256 1
1257 1
1258 1
1259 1
1260 1
1261 2
1262 2
1263 1
1264 1
1265 1
1266 1
1267 0
1268 1
1269 2
1270 1
1271 1
1272 1
1273 1
1274 1
1275 2
1276 2
1277 1
1278 2
1279 1
1280 1
1281 1
1282 1
1283 1
1284 2
1285 2
1286 0
1287 2
1288 0
1289 1
1290 0
1291 2
1292 1
1293 2
1294 1
1295 1
1296 1
1297 2
1298 2
1299 1
1300 1
1301 1
1302 1
1303 1
1304 1
1305 1
1306 1
1307 1
1308 1
1309 1
1310 2
1311 2
1312 2
1313 1
1314 1
1315 0
1316 2
1317 2
1318 1
1319 1
1320 1
1321 1
1322 1
1323 1
1324 2
1325 2
1326 2
1327 1
1328 1
1329 1
1330 1
1331 1
1332 2
1333 2
1334 2
1335 1
1336 1
1337 1
1338 1
1339 2
1340 1
1341 0
1342 2
1343 1
1344 2
1345 0
1346 1
1347 1
1348 1
1349 1
1350 2
1351 0
1352 2
1353 2
1354 2
1355 1
1356 1
1357 2
1358 1
1359 1
1360 2
1361 1
1362 1
1363 1
1364 2
1365 2
1366 1
1367 1
1368 2
1369 2
1370 2
1371 1
1372 2
1373 1
1374 1
1375 1
1376 1
1377 2
1378 1
1379 2
1380 2
1381 1
1382 2
1383 1
1384 1
1385 1
1386 1
1387 2
1388 1
1389 1
1390 1
1391 1
1392 2
1393 2
1394 2
1395 2
1396 2
1397 1
1398 1
1399 1
1400 0
1401 1
1402 1
1403 1
1404 1
1405 1
1406 1
1407 1
1408 2
1409 1
1410 2
1411 2
1412 1
1413 2
1414 2
1415 1
1416 1
1417 1
1418 2
1419 2
1420 2
1421 2
1422 2
1423 1
1424 2
1425 1
1426 2
1427 1
1428 2
1429 1
1430 2
1431 1
1432 2
1433 1
1434 2
1435 2
1436 1
1437 1
1438 1
1439 1
1440 1
1441 1
1442 2
1443 1
1444 2
1445 1
1446 1
1447 2
1448 1
1449 2
1450 1
1451 2
1452 1
1453 1
1454 1
1455 1
1456 2
1457 1
1458 2
1459 2
1460 1
1461 2
1462 1
1463 1
1464 2
1465 2
1466 1
1467 0
1468 2
1469 2
1470 1
1471 1
1472 2
1473 1
1474 1
1475 2
1476 1
1477 2
1478 2
1479 1
1480 1
1481 1
1482 2
1483 2
1484 1
1485 2
1486 2
1487 1
1488 1
1489 1
1490 1
1491 1
1492 0
1493 1
1494 1
1495 1
1496 2
1497 1
1498 2
1499 2
1500 0
1501 2
1502 2
1503 2
1504 1
1505 2
1506 1
1507 2
1508 2
1509 1
1510 1
1511 2
1512 2
1513 2
1514 2
1515 1
1516 2
1517 1
1518 1
1519 2
1520 1
1521 2
1522 2
1523 0
1524 2
1525 2
1526 1
1527 1
1528 0
1529 2
1530 2
1531 2
1532 2
1533 1
1534 1
1535 2
1536 1
1537 1
1538 1
1539 1
1540 2
1541 2
1542 1
1543 1
1544 1
1545 2
1546 2
1547 2
1548 2
1549 1
1550 1
1551 2
1552 1
1553 1
1554 1
1555 1
1556 0
1557 1
1558 2
1559 1
1560 1
1561 2
1562 1
1563 2
1564 1
1565 0
1566 1
1567 2
1568 2
1569 1
1570 1
1571 2
1572 1
1573 1
1574 2
1575 1
1576 2
1577 1
1578 1
1579 1
1580 2
1581 1
1582 1
1583 1
1584 1
1585 2
1586 1
1587 2
1588 1
1589 1
1590 1
1591 2
1592 2
1593 1
1594 2
1595 1
1596 1
1597 1
1598 2
1599 1
1600 2
1601 1
1602 1
1603 2
1604 1
1605 2
1606 1
1607 2
1608 1
1609 1
1610 2
1611 2
1612 2
1613 1
1614 0
1615 2
1616 0
1617 2
1618 2
1619 1
1620 2
1621 2
1622 1
1623 2
1624 2
1625 0
1626 1
1627 1
1628 2
1629 2
1630 1
1631 2
1632 1
1633 1
1634 1
1635 1
1636 1
1637 1
1638 2
1639 2
1640 2
1641 1
1642 1
1643 2
1644 2
1645 1
1646 1
1647 2
1648 1
1649 2
1650 1
1651 2
1652 1
1653 1
1654 2
1655 2
1656 2
1657 0
1658 2
1659 0
1660 1
1661 1
1662 2
1663 1
1664 1
1665 2
1666 2
1667 2
1668 2
1669 1
1670 1
1671 2
1672 2
1673 0
1674 1
1675 1
1676 2
1677 1
1678 1
1679 2
1680 1
1681 1
1682 1
1683 2
1684 2
1685 2
1686 1
1687 2
1688 1
1689 2
1690 2
1691 1
1692 1
1693 0
1694 1
1695 1
1696 0
1697 2
1698 2
1699 2
1700 2
1701 2
1702 1
1703 1
1704 0
1705 2
1706 2
1707 0
1708 1
1709 2
1710 0
1711 1
1712 2
1713 2
1714 1
1715 2
1716 2
1717 1
1718 2
1719 2
1720 2
1721 1
1722 1
1723 2
1724 1
1725 1
1726 1
1727 1
1728 2
1729 2
1730 2
1731 2
1732 2
1733 2
1734 1
1735 2
1736 1
1737 0
1738 1
1739 2
1740 1
1741 2
1742 2
1743 1
1744 1
1745 2
1746 0
1747 2
1748 2
1749 1
1750 1
1751 1
1752 2
1753 1
1754 2
1755 1
1756 2
1757 2
1758 2
1759 1
1760 1
1761 1
1762 1
1763 0
1764 1
1765 2
1766 1
1767 1
1768 1
1769 0
1770 1
1771 2
1772 1
1773 2
1774 2
1775 1
1776 1
1777 2
1778 1
1779 1
1780 2
1781 2
1782 1
1783 2
1784 1
1785 1
1786 2
1787 1
1788 1
1789 1
1790 1
1791 1
1792 2
1793 2
1794 2
1795 1
1796 2
1797 2
1798 2
1799 2
1800 2
1801 2
1802 1
1803 2
1804 2
1805 2
1806 1
1807 0
1808 1
1809 2
1810 1
1811 1
1812 1
1813 2
1814 2
1815 2
1816 0
1817 2
1818 2
1819 1
1820 2
1821 1
1822 1
1823 1
1824 1
1825 1
1826 2
1827 1
1828 1
1829 2
1830 2
1831 2
1832 2
1833 1
1834 1
1835 1
1836 2
1837 1
1838 1
1839 2
1840 2
1841 2
1842 2
1843 1
1844 1
1845 1
1846 1
1847 2
1848 2
1849 1
1850 2
1851 2
1852 2
1853 2
1854 2
1855 2
1856 1
1857 1
1858 1
1859 2
1860 1
1861 2
1862 1
1863 1
1864 2
1865 2
1866 2
1867 1
1868 2
1869 2
1870 2
1871 0
1872 2
1873 1
1874 2
1875 2
1876 2
1877 2
1878 1
1879 1
1880 1
1881 1
1882 1
1883 1
1884 2
1885 1
1886 2
1887 2
1888 1
1889 1
1890 2
1891 2
1892 2
1893 2
1894 1
1895 2
1896 0
1897 1
1898 2
1899 2
1900 2
1901 2
1902 2
1903 1
1904 1
1905 1
1906 1
1907 2
1908 2
1909 0
1910 0
1911 2
1912 2
1913 1
1914 1
1915 1
1916 1
1917 1
1918 1
1919 1
1920 2
1921 2
1922 2
1923 1
1924 1
1925 2
1926 2
1927 1
1928 1
1929 2
1930 2
1931 2
1932 1
1933 1
1934 2
1935 2
1936 2
1937 1
1938 0
1939 1
1940 1
1941 1
1942 1
1943 2
1944 2
1945 0
1946 1
1947 2
1948 1
1949 1
1950 2
1951 2
1952 1
1953 2
1954 1
1955 0
1956 2
1957 1
1958 1
1959 2
1960 1
1961 0
1962 2
1963 2
1964 1
1965 2
1966 2
1967 1
1968 1
1969 2
1970 0
1971 2
1972 2
1973 2
1974 1
1975 1
1976 2
1977 1
1978 1
1979 1
1980 1
1981 1
1982 1
1983 2
1984 1
1985 1
1986 2
1987 2
1988 1
1989 1
1990 1
1991 1
1992 1
1993 2
1994 1
1995 2
1996 1
1997 1
1998 1
1999 2
2000 2
2001 1
2002 2
2003 2
2004 1
2005 2
2006 2
2007 2
2008 1
2009 2
2010 2
2011 1
2012 2
2013 2
2014 1
2015 1
2016 2
2017 2
2018 0
2019 1
2020 2
2021 1
2022 2
2023 2
2024 1
2025 2
2026 2
2027 1
2028 2
2029 2
2030 2
2031 2
2032 2
2033 2
2034 2
2035 2
2036 1
2037 2
2038 1
2039 2
2040 1
2041 0
2042 0
2043 2
2044 1
2045 0
2046 1
2047 2
2048 0
2049 2
2050 2
2051 1
2052 1
2053 1
2054 0
2055 1
2056 1
2057 1
2058 2
2059 1
2060 1
2061 1
2062 2
2063 1
2064 1
2065 2
2066 1
2067 0
2068 1
2069 1
2070 2
2071 2
2072 1
2073 1
2074 2
2075 2
2076 2
2077 2
2078 2
2079 2
2080 2
2081 2
2082 1
2083 2
2084 2
2085 1
2086 1
2087 2
2088 2
2089 2
2090 1
2091 1
2092 2
2093 2
2094 2
2095 1
2096 2
2097 2
2098 2
2099 2
2100 0
2101 1
2102 1
2103 1
2104 1
2105 1
2106 1
2107 2
2108 2
2109 2
2110 1
2111 2
2112 2
2113 1
2114 2
2115 2
2116 2
2117 2
2118 1
2119 2
2120 1
2121 1
2122 1
2123 2
2124 1
2125 1
2126 2
2127 2
2128 2
2129 1
2130 2
2131 1
2132 2
2133 1
2134 1
2135 2
2136 1
2137 1
2138 1
2139 1
2140 2
2141 1
2142 1
2143 1
2144 2
2145 2
2146 1
2147 2
2148 1
2149 1
2150 2
2151 2
2152 2
2153 2
2154 2
2155 1
2156 2
2157 2
2158 1
2159 1
2160 0
2161 0
2162 2
2163 0
2164 0
2165 2
2166 1
2167 1
2168 1
2169 2
2170 0
2171 2
2172 1
2173 1
2174 2
2175 0
2176 1
2177 0
2178 1
2179 1
2180 1
2181 1
2182 2
2183 1
2184 1
2185 2
2186 1
2187 2
2188 1
2189 1
2190 2
2191 0
2192 1
2193 2
2194 2
2195 2
2196 1
2197 0
2198 2
2199 1
2200 1
2201 2
2202 1
2203 0
2204 2
2205 1
2206 2
2207 1
2208 1
2209 2
2210 2
2211 2
2212 0
2213 0
2214 2
2215 1
2216 1
2217 0
2218 1
2219 1
2220 1
2221 2
2222 1
2223 1
2224 1
2225 2
2226 1
2227 0
2228 0
2229 1
2230 1
2231 1
2232 1
2233 2
2234 1
2235 1
2236 2
2237 2
2238 2
2239 1
2240 1
2241 2
2242 1
2243 2
2244 2
2245 0
2246 1
2247 2
2248 2
2249 1
2250 2
2251 1
2252 1
2253 1
2254 2
2255 2
2256 2
2257 2
2258 1
2259 2
2260 2
2261 2
2262 2
2263 1
2264 2
2265 1
2266 2
2267 2
2268 1
2269 2
2270 2
2271 1
2272 1
2273 1
2274 1
2275 2
2276 1
2277 1
2278 1
2279 2
2280 2
2281 1
2282 1
2283 2
2284 1
2285 2
2286 2
2287 1
2288 2
2289 0
2290 1
2291 1
2292 1
2293 2
2294 0
2295 1
2296 2
2297 1
2298 2
2299 1
2300 2
2301 1
2302 2
2303 1
2304 1
2305 2
2306 2
2307 2
2308 1
2309 1
2310 2
2311 1
2312 2
2313 1
2314 1
2315 1
2316 1
2317 0
2318 1
2319 2
2320 2
2321 2
2322 1
2323 2
2324 1
2325 1
2326 2
2327 2
2328 2
2329 1
2330 1
2331 1
2332 1
2333 1
2334 1
2335 1
2336 2
2337 2
2338 1
2339 2
2340 1
2341 1
2342 2
2343 1
2344 2
2345 1
2346 2
2347 2
2348 2
2349 1
2350 1
2351 1
2352 2
2353 2
2354 2
2355 0
2356 1
2357 1
2358 1
2359 2
2360 0
2361 2
2362 1
2363 2
2364 1
2365 2
2366 2
2367 1
2368 0
2369 2
2370 1
2371 1
2372 1
2373 1
2374 0
2375 1
2376 1
2377 2
2378 1
2379 2
2380 2
2381 2
2382 1
2383 1
2384 0
2385 0
2386 2
2387 2
2388 2
2389 0
2390 1
2391 1
2392 2
2393 1
2394 1
2395 1
2396 1
2397 2
2398 1
2399 1
2400 1
2401 2
2402 1
2403 1
2404 2
2405 2
2406 2
2407 1
2408 1
2409 1
2410 1
2411 2
2412 1
2413 1
2414 1
2415 1
2416 1
2417 1
2418 2
2419 0
2420 2
2421 2
2422 1
2423 1
2424 2
2425 2
2426 2
2427 1
2428 0
2429 1
2430 1
2431 2
2432 2
2433 2
2434 2
2435 2
2436 1
2437 1
2438 1
2439 2
2440 1
2441 2
2442 2
2443 2
2444 2
2445 1
2446 0
2447 0
2448 1
2449 1
2450 2
2451 0
2452 1
2453 0
2454 1
2455 1
2456 1
2457 1
2458 1
2459 2
2460 1
2461 2
2462 0
2463 1
2464 0
2465 0
2466 1
2467 1
2468 2
2469 2
2470 0
2471 1
2472 1
2473 1
2474 2
2475 1
2476 1
2477 2
2478 0
2479 1
2480 0
2481 1
2482 1
2483 2
2484 2
2485 1
2486 2
2487 0
2488 0
2489 0
2490 0
2491 0
2492 0
2493 0
2494 0
2495 1
2496 0
2497 0
2498 2
2499 1
2500 2
2501 1
2502 2
2503 1
2504 1
2505 2
2506 1
2507 0
2508 1
2509 1
2510 1
2511 2
2512 0
2513 0
2514 0
2515 0
2516 0
2517 0
2518 0
2519 0
2520 0
2521 1
2522 1
2523 1
2524 1
2525 1
2526 2
2527 0
2528 2
2529 2
2530 0
2531 1
2532 1
2533 1
2534 2
2535 1
2536 1
2537 0
2538 2
2539 2
2540 1
2541 1
2542 0
2543 0
2544 1
2545 2
2546 0
2547 0
2548 0
2549 0
2550 2
2551 0
2552 2
2553 1
2554 2
2555 2
2556 1
2557 2
2558 1
2559 1
2560 1
2561 1
2562 0
2563 2
2564 0
2565 1
2566 0
2567 0
2568 0
2569 1
2570 2
2571 1
2572 1
2573 0
2574 0
2575 2
2576 0
2577 0
2578 2
2579 0
2580 2
2581 1
2582 1
2583 1
2584 0
2585 0
2586 2
2587 2
2588 2
2589 1
2590 1
2591 1
2592 2
2593 0
2594 1
2595 1
2596 2
2597 1
2598 2
2599 1
2600 2
2601 0
2602 2
2603 1
2604 0
2605 0
2606 1
2607 2
2608 1
2609 2
2610 0
2611 1
2612 1
2613 0
2614 0
2615 0
2616 0
2617 0
2618 0
2619 0
2620 0
2621 0
2622 0
2623 2
2624 0
2625 1
2626 0
2627 0
2628 0
2629 2
2630 2
2631 1
2632 1
2633 0
2634 0
2635 1
2636 2
2637 2
2638 0
2639 0
2640 1
2641 0
2642 0
2643 0
2644 0
2645 0
2646 0
2647 0
2648 0
2649 0
2650 0
2651 0
2652 0
2653 0
2654 2
2655 1
2656 0
2657 1
2658 0
2659 1
2660 2
2661 0
2662 0
2663 1
2664 0
2665 0
2666 0
2667 1
2668 1
2669 2
2670 0
2671 1
2672 2
2673 1
2674 2
2675 2
2676 2
2677 2
2678 1
2679 0
2680 0
2681 0
2682 0
2683 1
2684 1
2685 0
2686 1
2687 0
2688 0
2689 0
2690 0
2691 0
2692 1
2693 0
2694 1
2695 2
2696 0
2697 0
2698 2
2699 1
2700 1
2701 0
2702 2
2703 2
2704 1
2705 1
2706 2
2707 2
2708 1
2709 0
2710 2
2711 2
2712 1
2713 2
2714 2
2715 0
2716 1
2717 2
2718 2
2719 1
2720 2
2721 0
2722 1
2723 2
2724 2
2725 2
2726 1
2727 2
2728 2
2729 1
2730 0
2731 0
2732 1
2733 1
2734 1
2735 2
2736 2
2737 2
2738 1
2739 0
2740 1
2741 2
2742 1
2743 1
2744 0
2745 2
2746 1
2747 1
2748 1
2749 2
2750 1
2751 2
2752 1
2753 1
2754 0
2755 2
2756 2
2757 1
2758 0
2759 1
2760 2
2761 1
2762 2
2763 1
2764 2
2765 2
2766 0
2767 1
2768 1
2769 1
2770 1
2771 1
2772 1
2773 1
2774 2
2775 1
2776 1
2777 1
2778 2
2779 1
2780 2
2781 2
2782 2
2783 2
2784 2
2785 1
2786 1
2787 2
2788 2
2789 2
2790 2
2791 1
2792 2
2793 1
2794 2
2795 1
2796 2
2797 0
2798 1
2799 1
2800 2
2801 2
2802 1
2803 2
2804 1
2805 0
2806 1
2807 1
2808 0
2809 2
2810 0
2811 1
2812 2
2813 0
2814 1
2815 2
2816 2
2817 2
2818 2
2819 0
2820 2
2821 0
2822 2
2823 0
2824 1
2825 1
2826 2
2827 2
2828 0
2829 0
2830 1
2831 2
2832 2
2833 0
2834 2
2835 1
2836 1
2837 1
2838 2
2839 0
2840 0
2841 2
2842 1
2843 2
2844 2
2845 2
2846 2
2847 1
2848 2
2849 2
2850 2
2851 1
2852 1
2853 0
2854 1
2855 2
2856 2
2857 1
2858 2
2859 1
2860 0
2861 0
2862 1
2863 0
2864 1
2865 2
2866 1
2867 1
2868 0
2869 1
2870 1
2871 1
2872 1
2873 1
2874 1
2875 2
2876 2
2877 0
2878 1
2879 1
2880 0
2881 1
2882 1
2883 1
2884 2
2885 2
2886 2
2887 1
2888 1
2889 1
2890 2
2891 2
2892 1
2893 2
2894 2
2895 2
2896 1
2897 1
2898 1
2899 1
2900 1
2901 2
2902 0
2903 1
2904 2
2905 1
2906 2
2907 1
2908 2
2909 0
2910 1
2911 1
2912 2
2913 0
2914 1
2915 1
2916 2
2917 2
2918 2
2919 2
2920 1
2921 2
2922 1
2923 1
2924 1
2925 1
2926 1
2927 1
2928 1
2929 1
2930 0
2931 1
2932 1
2933 1
2934 0
2935 1
2936 1
2937 1
2938 2
2939 2
2940 2
2941 1
2942 2
2943 2
2944 1
2945 1
2946 1
2947 2
2948 1
2949 2
2950 0
2951 2
2952 1
2953 2
2954 0
2955 2
2956 1
2957 0
2958 2
2959 2
2960 0
2961 1
2962 0
2963 1
2964 2
2965 1
2966 1
2967 2
2968 1
2969 1
2970 1
2971 0
2972 1
2973 1
2974 2
2975 1
2976 2
2977 2
2978 1
2979 2
2980 1
2981 2
2982 1
2983 2
2984 2
2985 1
2986 1
2987 2
2988 2
2989 1
2990 2
2991 1
2992 0
2993 1
2994 0
2995 1
2996 2
2997 1
2998 1
2999 0
3000 1
3001 1
3002 1
3003 1
3004 0
3005 2
3006 1
3007 2
3008 1
3009 1
3010 1
3011 1
3012 2
3013 1
3014 1
3015 2
3016 1
3017 1
3018 1
3019 2
3020 1
3021 1
3022 1
3023 1
3024 2
3025 2
3026 1
3027 1
3028 1
3029 2
3030 2
3031 1
3032 2
3033 2
3034 2
3035 1
3036 2
3037 1
3038 2
3039 2
3040 2
3041 0
3042 0
3043 1
3044 1
3045 1
3046 2
3047 1
3048 1
3049 0
3050 1
3051 1
3052 2
3053 2
3054 2
3055 1
3056 2
3057 1
3058 2
3059 2
3060 1
3061 1
3062 2
3063 1
3064 1
3065 1
3066 1
3067 1
3068 1
3069 2
3070 2
3071 1
3072 1
3073 1
3074 2
3075 2
3076 2
3077 0
3078 2
3079 2
3080 1
3081 1
3082 2
3083 2
3084 1
3085 1
3086 1
3087 1
3088 1
3089 2
3090 1
3091 0
3092 2
3093 2
3094 1
3095 1
3096 1
3097 1
3098 1
3099 0
3100 2
3101 1
3102 2
3103 1
3104 2
3105 1
3106 2
3107 1
3108 1
3109 1
3110 0
3111 1
3112 1
3113 1
3114 0
3115 1
3116 2
3117 2
3118 2
3119 1
3120 2
3121 1
3122 1
3123 1
3124 0
3125 2
3126 2
3127 1
3128 0
3129 2
3130 1
3131 1
3132 1
3133 1
3134 1
3135 1
3136 1
3137 1
3138 2
3139 2
3140 2
3141 0
3142 1
3143 1
3144 1
3145 2
3146 1
3147 1
3148 1
3149 1
3150 2
3151 2
3152 1
3153 1
3154 2
3155 1
3156 2
3157 1
3158 1
3159 1
3160 2
3161 1
3162 1
3163 0
3164 0
3165 1
3166 2
3167 2
3168 2
3169 2
3170 2
3171 1
3172 2
3173 2
3174 2
3175 2
3176 1
3177 2
3178 2
3179 2
3180 1
3181 2
3182 1
3183 2
3184 1
3185 2
3186 2
3187 1
3188 2
3189 0
3190 0
3191 2
3192 1
3193 2
3194 2
3195 2
3196 1
3197 1
3198 0
3199 2
3200 2
3201 0
3202 1
3203 2
3204 0
3205 1
3206 1
3207 1
3208 2
3209 2
3210 1
3211 1
3212 2
3213 0
3214 1
3215 1
3216 1
3217 1
3218 0
3219 1
3220 1
3221 1
3222 2
3223 2
3224 2
3225 1
3226 2
3227 1
3228 1
3229 1
3230 0
3231 2
3232 1
3233 2
3234 1
3235 1
3236 1
3237 1
3238 2
3239 1
3240 2
3241 2
3242 2
3243 2
3244 2
3245 0
3246 2
3247 2
3248 2
3249 1
3250 2
3251 2
3252 2
3253 1
3254 1
3255 1
3256 1
3257 2
3258 2
3259 2
3260 2
3261 0
3262 1
3263 1
3264 0
3265 1
3266 2
3267 1
3268 1
3269 1
3270 1
3271 0
3272 2
3273 1
3274 1
3275 1
3276 2
3277 1
3278 1
3279 2
3280 1
3281 2
3282 2
3283 1
3284 2
3285 1
3286 1
3287 2
3288 1
3289 1
3290 1
3291 2
3292 1
3293 1
3294 2
3295 2
3296 2
3297 2
3298 2
3299 0
3300 0
3301 0
3302 2
3303 2
3304 0
3305 2
3306 0
3307 1
3308 0
3309 1
3310 1
3311 1
3312 0
3313 2
3314 0
3315 1
3316 1
3317 2
3318 1
3319 1
3320 2
3321 1
3322 2
3323 2
3324 1
3325 2
3326 2
3327 0
3328 1
3329 1
3330 0
3331 2
3332 1
3333 2
3334 1
3335 2
3336 0
3337 0
3338 1
3339 1
3340 2
3341 2
3342 2
3343 2
3344 2
3345 1
3346 2
3347 1
3348 1
3349 1
3350 1
3351 1
3352 2
3353 1
3354 2
3355 2
3356 2
3357 1
3358 0
3359 0
3360 2
3361 1
3362 1
3363 0
3364 2
3365 2
3366 1
3367 1
3368 2
3369 1
3370 1
3371 0
3372 2
3373 1
3374 1
3375 2
3376 0
3377 2
3378 2
3379 2
3380 1
3381 2
3382 1
3383 2
3384 1
3385 1
3386 2
3387 1
3388 2
3389 0
3390 2
3391 2
3392 0
3393 1
3394 1
3395 1
3396 2
3397 2
3398 0
3399 0
3400 2
3401 2
3402 2
3403 1
3404 2
3405 2
3406 1
3407 2
3408 2
3409 2
3410 2
3411 1
3412 1
3413 1
3414 2
3415 1
3416 1
3417 1
3418 2
3419 2
3420 1
3421 1
3422 2
3423 1
3424 0
3425 1
3426 2
3427 1
3428 1
3429 2
3430 2
3431 1
3432 2
3433 1
3434 1
3435 1
3436 1
3437 2
3438 1
3439 1
3440 1
3441 0
3442 0
3443 1
3444 2
3445 2
3446 2
3447 1
3448 1
3449 1
3450 1
3451 2
3452 2
3453 2
3454 2
3455 2
3456 0
3457 1
3458 2
3459 2
3460 2
3461 1
3462 1
3463 2
3464 2
3465 2
3466 2
3467 1
3468 1
3469 2
3470 2
3471 1
3472 2
3473 2
3474 2
3475 2
3476 1
3477 2
3478 0
3479 0
3480 0
3481 0
3482 0
3483 0
3484 2
3485 0
3486 2
3487 0
3488 0
3489 0
3490 0
3491 0
3492 0
3493 2
3494 0
3495 0
3496 2
3497 2
3498 1
3499 2
3500 2
3501 0
3502 2
3503 1
3504 1
3505 2
3506 2
3507 1
3508 2
3509 1
3510 2
3511 2
3512 1
3513 1
3514 2
3515 2
3516 2
3517 2
3518 2
3519 1
3520 2
3521 1
3522 2
3523 2
3524 1
3525 1
3526 2
3527 1
3528 2
3529 1
3530 1
3531 1
3532 1
3533 2
3534 1
3535 1
3536 2
3537 2
3538 2
3539 1
3540 1
3541 1
3542 1
3543 2
3544 0
3545 2
3546 2
3547 2
3548 2
3549 1
3550 1
3551 2
3552 2
3553 2
3554 2
3555 2
3556 1
3557 2
3558 1
3559 1
3560 1
3561 1
3562 1
3563 1
3564 2
3565 2
3566 2
3567 1
3568 2
3569 1
3570 1
3571 1
3572 2
3573 2
3574 2
3575 2
3576 1
3577 2
3578 1
3579 2
3580 2
3581 1
3582 2
3583 1
3584 0
3585 1
3586 1
3587 1
3588 2
3589 0
3590 2
3591 2
3592 1
3593 2
3594 2
3595 1
3596 0
3597 1
3598 1
3599 2
3600 1
3601 1
3602 1
3603 1
3604 1
3605 1
3606 2
3607 2
3608 1
3609 2
3610 1
3611 1
3612 2
3613 2
3614 1
3615 1
3616 1
3617 1
3618 1
3619 2
3620 2
3621 0
3622 1
3623 2
3624 2
3625 2
3626 1
3627 2
3628 1
3629 1
3630 1
3631 2
3632 2
3633 1
3634 1
3635 0
3636 1
3637 2
3638 2
3639 2
3640 1
3641 1
3642 1
3643 1
3644 1
3645 2
3646 0
3647 2
3648 2
3649 2
3650 1
3651 1
3652 1
3653 1
3654 1
3655 2
3656 1
3657 2
3658 2
3659 2
3660 2
3661 2
3662 1
3663 1
3664 2
3665 1
3666 1
3667 0
3668 0
3669 1
3670 2
3671 1
3672 2
3673 1
3674 2
3675 1
3676 1
3677 1
3678 1
3679 1
3680 0
3681 0
3682 1
3683 0
3684 0
3685 1
3686 1
3687 1
3688 1
3689 1
3690 2
3691 1
3692 1
3693 2
3694 1
3695 1
3696 2
3697 1
3698 1
3699 1
3700 0
3701 2
3702 2
3703 1
3704 2
3705 2
3706 1
3707 2
3708 1
3709 0
3710 0
3711 0
3712 0
3713 0
3714 0
3715 0
3716 0
3717 0
3718 0
3719 0
3720 1
3721 0
3722 1
3723 1
3724 2
3725 2
3726 2
3727 1
3728 2
3729 1
3730 1
3731 1
3732 1
3733 2
3734 1
3735 0
3736 2
3737 2
3738 2
3739 2
3740 2
3741 1
3742 1
3743 2
3744 2
3745 1
3746 1
3747 2
3748 1
3749 2
3750 1
3751 2
3752 1
3753 2
3754 1
3755 1
3756 2
3757 1
3758 1
3759 2
3760 1
3761 1
3762 2
3763 0
3764 1
3765 2
3766 1
3767 2
3768 2
3769 2
3770 1
3771 1
3772 1
3773 2
3774 2
3775 1
3776 2
3777 1
3778 2
3779 0
3780 1
3781 2
3782 1
3783 2
3784 2
3785 2
3786 2
3787 0
3788 0
3789 1
3790 1
3791 2
3792 1
3793 1
3794 2
3795 1
3796 1
3797 2
3798 2
3799 1
3800 2
3801 2
3802 2
3803 2
3804 1
3805 1
3806 2
3807 1
3808 1
3809 2
3810 2
3811 0
3812 2
3813 1
3814 2
3815 2
3816 2
3817 1
3818 1
3819 0
3820 2
3821 2
3822 1
3823 2
3824 2
3825 1
3826 2
3827 1
3828 1
3829 1
3830 1
3831 2
3832 2
3833 2
3834 2
3835 2
3836 1
3837 1
3838 2
3839 2
3840 1
3841 2
3842 0
3843 2
3844 2
3845 2
3846 2
3847 1
3848 2
3849 2
3850 2
3851 1
3852 1
3853 1
3854 1
3855 1
3856 1
3857 2
3858 1
3859 1
3860 1
3861 1
3862 1
3863 1
3864 1
3865 1
3866 1
3867 1
3868 1
3869 1
3870 1
3871 1
3872 1
3873 1
3874 1
3875 1
3876 1
3877 1
3878 2
3879 2
3880 1
3881 1
3882 2
3883 1
3884 1
3885 1
3886 1
3887 1
3888 2
3889 1
3890 1
3891 1
3892 1
3893 2
3894 1
3895 1
3896 2
3897 2
3898 2
3899 1
3900 1
3901 1
3902 2
3903 2
3904 2
3905 1
3906 2
3907 1
3908 2
3909 2
3910 2
3911 1
3912 2
3913 2
3914 2
3915 0
3916 2
3917 1
3918 2
3919 1
3920 2
3921 1
3922 1
3923 1
3924 2
3925 1
3926 2
3927 2
3928 1
3929 2
3930 0
3931 1
3932 2
3933 1
3934 1
3935 1
3936 1
3937 1
3938 2
3939 1
3940 1
3941 1
3942 1
3943 1
3944 2
3945 0
3946 1
3947 2
3948 1
3949 1
3950 1
3951 2
3952 2
3953 1
3954 1
3955 2
3956 2
3957 1
3958 0
3959 1
3960 1
3961 1
3962 1
3963 1
3964 1
3965 2
3966 1
3967 1
3968 1
3969 1
3970 1
3971 1
3972 1
3973 1
3974 1
3975 2
3976 1
3977 1
3978 2
3979 1
3980 0
3981 1
3982 1
3983 1
3984 1
3985 0
3986 1
3987 1
3988 1
3989 1
3990 1
3991 1
3992 1
3993 1
3994 1
3995 0
3996 1
3997 1
3998 1
3999 1
4000 2
4001 0
4002 1
4003 1
4004 0
4005 1
4006 1
4007 1
4008 2
4009 1
4010 2
4011 1
4012 1
4013 1
4014 1
4015 2
4016 1
4017 1
4018 2
4019 1
4020 0
4021 2
4022 1
4023 2
4024 1
4025 1
4026 1
4027 2
4028 1
4029 1
4030 0
4031 1
4032 1
4033 1
4034 2
4035 2
4036 1
4037 1
4038 2
4039 2
4040 1
4041 1
4042 1
4043 1
4044 1
4045 2
4046 1
4047 1
4048 1
4049 1
4050 1
4051 2
4052 0
4053 1
4054 1
4055 1
4056 1
4057 1
4058 0
4059 2
4060 1
4061 2
4062 2
4063 1
4064 2
4065 1
4066 1
4067 1
4068 1
4069 1
4070 2
4071 1
4072 2
4073 1
4074 2
4075 2
4076 1
4077 2
4078 1
4079 1
4080 2
4081 1
4082 2
4083 1
4084 2
4085 1
4086 2
4087 2
4088 2
4089 2
4090 1
4091 1
4092 2
4093 0
4094 1
4095 1
4096 2
4097 1
4098 1
4099 1
4100 1
4101 2
4102 0
4103 1
4104 0
4105 1
4106 2
4107 2
4108 2
4109 2
4110 2
4111 1
4112 1
4113 2
4114 2
4115 2
4116 1
4117 1
4118 1
4119 1
4120 1
4121 1
4122 2
4123 2
4124 2
4125 2
4126 1
4127 2
4128 1
4129 2
4130 1
4131 2
4132 2
4133 1
4134 1
4135 2
4136 1
4137 1
4138 1
4139 1
4140 2
4141 2
4142 2
4143 1
4144 2
4145 2
4146 1
4147 1
4148 2
4149 1
4150 2
4151 1
4152 1
4153 1
4154 2
4155 2
4156 1
4157 2
4158 1
4159 1
4160 1
4161 1
4162 2
4163 1
4164 2
4165 2
4166 2
4167 1
4168 0
4169 2
4170 2
4171 1
4172 1
4173 1
4174 2
4175 2
4176 2
4177 2
4178 1
4179 1
4180 2
4181 1
4182 2
4183 1
4184 1
4185 0
4186 1
4187 1
4188 2
4189 1
4190 0
4191 1
4192 2
4193 2
4194 0
4195 2
4196 2
4197 1
4198 2
4199 2
4200 2
4201 1
4202 2
4203 2
4204 1
4205 0
4206 2
4207 1
4208 1
4209 1
4210 1
4211 2
4212 2
4213 1
4214 1
4215 1
4216 2
4217 1
4218 1
4219 2
4220 1
4221 1
4222 1
4223 2
4224 1
4225 2
4226 2
4227 1
4228 1
4229 1
4230 2
4231 1
4232 1
4233 2
4234 2
4235 2
4236 1
4237 2
4238 1
4239 0
4240 1
4241 0
4242 2
4243 1
4244 1
4245 0
4246 2
4247 1
4248 2
4249 2
4250 2
4251 1
4252 1
4253 1
4254 1
4255 1
4256 1
4257 1
4258 0
4259 1
4260 1
4261 1
4262 2
4263 1
4264 0
4265 1
4266 2
4267 1
4268 2
4269 1
4270 2
4271 1
4272 1
4273 1
4274 2
4275 2
4276 2
4277 2
4278 1
4279 2
4280 1
4281 1
4282 1
4283 1
4284 2
4285 1
4286 2
4287 1
4288 1
4289 0
4290 1
4291 1
4292 1
4293 1
4294 2
4295 1
4296 1
4297 0
4298 1
4299 1
4300 2
4301 1
4302 1
4303 2
4304 1
4305 2
4306 2
4307 2
4308 2
4309 2
4310 2
4311 1
4312 2
4313 1
4314 2
4315 1
4316 2
4317 2
4318 0
4319 0
4320 0
4321 2
4322 0
4323 2
4324 0
4325 1
4326 1
4327 0
4328 1
4329 2
4330 1
4331 1
4332 2
4333 2
4334 2
4335 0
4336 1
4337 1
4338 1
4339 1
4340 1
4341 0
4342 1
4343 1
4344 2
4345 1
4346 0
4347 1
4348 0
4349 1
4350 1
4351 1
4352 0
4353 1
4354 1
4355 1
4356 1
4357 0
4358 1
4359 0
4360 2
4361 1
4362 2
4363 1
4364 0
4365 1
4366 2
4367 2
4368 1
4369 1
4370 1
4371 1
4372 0
4373 2
4374 2
4375 2
4376 2
4377 2
4378 1
4379 1
4380 1
4381 2
4382 1
4383 1
4384 1
4385 1
4386 1
4387 1
4388 1
4389 1
4390 1
4391 1
4392 0
4393 2
4394 2
4395 1
4396 2
4397 0
4398 1
4399 1
4400 1
4401 1
4402 1
4403 2
4404 1
4405 1
4406 0
4407 2
4408 1
4409 1
4410 1
4411 2
4412 1
4413 2
4414 0
4415 0
4416 1
4417 2
4418 2
4419 1
4420 2
4421 1
4422 1
4423 2
4424 2
4425 1
4426 2
4427 2
4428 1
4429 0
4430 2
4431 2
4432 1
4433 2
4434 2
4435 2
4436 0
4437 1
4438 1
4439 0
4440 0
4441 2
4442 1
4443 0
4444 2
4445 1
4446 1
4447 0
4448 1
4449 1
4450 2
4451 1
4452 2
4453 1
4454 1
4455 0
4456 0
4457 0
4458 0
4459 1
4460 1
4461 1
4462 0
4463 2
4464 1
4465 2
4466 2
4467 1
4468 0
4469 1
4470 2
4471 1
4472 0
4473 2
4474 0
4475 1
4476 1
4477 0
4478 0
4479 1
4480 1
4481 1
4482 0
4483 2
4484 2
4485 0
4486 1
4487 2
4488 1
4489 2
4490 1
4491 1
4492 1
4493 1
4494 2
4495 1
4496 1
4497 0
4498 1
4499 1
4500 0
4501 1
4502 0
4503 2
4504 1
4505 1
4506 1
4507 0
4508 0
4509 0
4510 1
4511 2
4512 2
4513 0
4514 2
4515 2
4516 1
4517 1
4518 2
4519 0
4520 2
4521 2
4522 1
4523 0
4524 0
4525 2
4526 2
4527 1
4528 2
4529 1
4530 2
4531 0
4532 0
4533 2
4534 1
4535 0
4536 1
4537 0
4538 2
4539 1
4540 1
4541 2
4542 2
4543 1
4544 2
4545 0
4546 2
4547 0
4548 0
4549 2
4550 1
4551 1
4552 1
4553 1
4554 1
4555 0
4556 2
4557 0
4558 2
4559 2
4560 1
4561 1
4562 1
4563 1
4564 0
4565 0
4566 0
4567 1
4568 1
4569 0
4570 1
4571 0
4572 2
4573 1
4574 1
4575 1
4576 0
4577 0
4578 0
4579 0
4580 1
4581 1
4582 0
4583 0
4584 1
4585 0
4586 0
4587 0
4588 0
4589 0
4590 0
4591 0
4592 0
4593 0
4594 0
4595 1
4596 0
4597 0
4598 0
4599 1
4600 2
4601 1
4602 1
4603 0
4604 1
4605 1
4606 2
4607 0
4608 0
4609 2
4610 1
4611 0
4612 1
4613 1
4614 0
4615 1
4616 0
4617 0
4618 0
4619 2
4620 1
4621 1
4622 1
4623 1
4624 2
4625 1
4626 1
4627 2
4628 1
4629 1
4630 1
4631 1
4632 1
4633 1
4634 1
4635 1
4636 1
4637 1
4638 1
4639 0
4640 1
4641 0
4642 0
4643 0
4644 2
4645 0
4646 0
4647 0
4648 2
4649 0
4650 0
4651 0
4652 0
4653 0
4654 0
4655 0
4656 0
4657 0
4658 0
4659 1
4660 1
4661 0
4662 2
4663 2
4664 1
4665 2
4666 0
4667 2
4668 1
4669 1
4670 1
4671 2
4672 2
4673 1
4674 1
4675 1
4676 0
4677 1
4678 1
4679 1
4680 1
4681 2
4682 1
4683 1
4684 1
4685 0
4686 0
4687 0
4688 1
4689 2
4690 2
4691 1
4692 1
4693 1
4694 1
4695 1
4696 1
4697 2
4698 2
4699 0
4700 1
4701 0
4702 1
4703 0
4704 1
4705 0
4706 0
4707 1
4708 1
4709 1
4710 1
4711 2
4712 0
4713 1
4714 0
4715 1
4716 1
4717 1
4718 1
4719 1
4720 1
4721 2
4722 0
4723 1
4724 0
4725 2
4726 1
4727 0
4728 0
4729 1
4730 1
4731 1
4732 2
4733 2
4734 1
4735 1
4736 2
4737 1
4738 2
4739 0
4740 1
4741 2
4742 1
4743 0
4744 1
4745 2
4746 2
4747 1
4748 1
4749 2
4750 1
4751 0
4752 0
4753 2
4754 1
4755 1
4756 1
4757 1
4758 2
4759 1
4760 2
4761 0
4762 1
4763 2
4764 2
4765 0
4766 0
4767 1
4768 2
4769 1
4770 1
4771 1
4772 1
4773 2
4774 1
4775 2
4776 0
4777 2
4778 0
4779 0
4780 1
4781 1
4782 2
4783 2
4784 1
4785 1
4786 1
4787 2
4788 2
4789 2
4790 2
4791 0
4792 2
4793 0
4794 1
4795 1
4796 0
4797 2
4798 0
4799 1
4800 1
4801 2
4802 1
4803 2
4804 1
4805 2
4806 0
4807 0
4808 1
4809 0
4810 2
4811 1
4812 2
4813 1
4814 1
4815 1
4816 1
4817 0
4818 0
4819 0
4820 0
4821 0
4822 0
4823 1
4824 1
4825 2
4826 2
4827 0
4828 1
4829 2
4830 2
4831 1
4832 2
4833 2
4834 0
4835 1
4836 1
4837 1
4838 1
4839 1
4840 1
4841 2
4842 0
4843 1
4844 1
4845 2
4846 2
4847 1
4848 2
4849 2
4850 2
4851 2
4852 1
4853 1
4854 1
4855 1
4856 1
4857 1
4858 1
4859 1
4860 1
4861 1
4862 1
4863 1
4864 1
4865 1
4866 1
4867 1
4868 2
4869 1
4870 1
4871 1
4872 1
4873 0
4874 0
4875 0
4876 1
4877 1
4878 1
4879 2
4880 1
4881 1
4882 2
4883 1
4884 1
4885 0
4886 1
4887 2
4888 0
4889 1
4890 1
4891 1
4892 1
4893 1
4894 0
4895 1
4896 0
4897 1
4898 1
4899 0
4900 1
4901 1
4902 1
4903 1
4904 0
4905 1
4906 1
4907 1
4908 0
4909 1
4910 1
4911 1
4912 1
4913 2
4914 1
4915 0
4916 1
4917 1
4918 2
4919 1
4920 1
4921 2
4922 2
4923 0
4924 2
4925 1
4926 1
4927 1
4928 1
4929 0
4930 1
4931 1
4932 1
4933 2
4934 1
4935 0
4936 2
4937 2
4938 2
4939 1
4940 2
4941 1
4942 1
4943 1
4944 0
4945 0
4946 2
4947 0
4948 1
4949 2
4950 1
4951 1
4952 2
4953 1
4954 2
4955 1
4956 1
4957 1
4958 2
4959 0
4960 1
4961 1
4962 2
4963 1
4964 2
4965 1
4966 1
4967 1
4968 1
4969 1
4970 0
4971 0
4972 2
4973 2
4974 0
4975 0
4976 0
4977 0
4978 0
4979 1
4980 0
4981 1
4982 2
4983 1
4984 0
4985 0
4986 2
4987 2
4988 0
4989 0
4990 0
4991 0
4992 1
4993 2
4994 1
4995 1
4996 1
4997 1
4998 1
4999 1
5000 1
5001 1
5002 2
5003 1
5004 0
5005 2
5006 1
5007 2
5008 0
5009 2
5010 0
5011 1
5012 2
5013 0
5014 0
5015 0
5016 0
5017 0
5018 0
5019 0
5020 0
5021 0
5022 0
5023 0
5024 1
5025 0
5026 1
5027 1
5028 2
5029 1
5030 1
5031 1
5032 1
5033 1
5034 2
5035 1
5036 0
5037 2
5038 1
5039 0
5040 1
5041 1
5042 1
5043 1
5044 1
5045 0
5046 2
5047 1
5048 0
5049 0
5050 2
5051 2
5052 1
5053 1
5054 0
5055 0
5056 0
5057 0
5058 2
5059 0
5060 0
5061 0
5062 2
5063 1
5064 2
5065 1
5066 0
5067 0
5068 0
5069 2
5070 2
5071 0
5072 1
5073 0
5074 0
5075 0
5076 0
5077 0
5078 0
5079 0
5080 0
5081 0
5082 2
5083 0
5084 0
5085 1
5086 2
5087 2
5088 0
5089 0
5090 1
5091 1
5092 0
5093 0
5094 1
5095 0
5096 0
5097 0
5098 0
5099 0
5100 0
5101 1
5102 0
5103 0
5104 0
5105 0
5106 0
5107 0
5108 0
5109 0
5110 0
5111 0
5112 0
5113 0
5114 0
5115 1
5116 0
5117 0
5118 1
5119 2
5120 0
5121 0
5122 0
5123 0
5124 0
5125 2
5126 1
5127 0
5128 2
5129 0
5130 0
5131 2
5132 0
5133 0
5134 2
5135 1
5136 1
5137 0
5138 0
5139 0
5140 0
5141 1
5142 0
5143 1
5144 0
5145 0
5146 0
5147 0
5148 1
5149 2
5150 0
5151 1
5152 1
5153 2
5154 1
5155 1
5156 1
5157 1
5158 2
5159 1
5160 2
5161 1
5162 2
5163 1
5164 1
5165 1
5166 2
5167 2
5168 1
5169 0
5170 1
5171 1
5172 1
5173 1
5174 1
5175 1
5176 0
5177 2
5178 1
5179 0
5180 1
5181 2
5182 0
5183 0
5184 1
5185 1
5186 2
5187 0
5188 1
5189 1
5190 2
5191 0
5192 2
5193 2
5194 0
5195 0
5196 1
5197 0
5198 1
5199 1
5200 2
5201 0
5202 2
5203 2
5204 1
5205 2
5206 0
5207 0
5208 1
5209 0
5210 0
5211 0
5212 1
5213 1
5214 1
5215 2
5216 2
5217 1
5218 0
5219 0
5220 0
5221 1
5222 2
5223 2
5224 1
5225 0
5226 0
5227 1
5228 1
5229 0
5230 0
5231 0
5232 0
5233 0
5234 0
5235 0
5236 0
5237 0
5238 0
5239 0
5240 0
5241 0
5242 0
5243 0
5244 0
5245 2
5246 0
5247 0
5248 0
5249 0
5250 0
5251 0
5252 0
5253 2
5254 1
5255 0
5256 0
5257 1
5258 1
5259 2
5260 0
5261 1
5262 2
5263 0
5264 1
5265 1
5266 2
5267 0
5268 2
5269 0
5270 0
5271 1
5272 1
5273 0
5274 2
5275 0
5276 0
5277 0
5278 1
5279 0
5280 0
5281 0
5282 0
5283 0
5284 0
5285 0
5286 0
5287 0
5288 0
5289 1
5290 0
5291 0
5292 0
5293 0
5294 0
5295 0
5296 1
5297 0
5298 0
5299 1
5300 0
5301 0
5302 0
5303 1
5304 1
5305 0
5306 0
5307 0
5308 0
5309 2
5310 2
5311 0
5312 0
5313 0
5314 2
5315 1
5316 1
5317 2
5318 2
5319 2
5320 2
5321 2
5322 2
5323 1
5324 2
5325 1
5326 2
5327 0
5328 2
5329 1
5330 2
5331 2
5332 1
5333 1
5334 2
5335 1
5336 0
5337 0
5338 1
5339 2
5340 2
5341 1
5342 0
5343 1
5344 2
5345 2
5346 2
5347 0
5348 2
5349 2
5350 1
5351 1
5352 0
5353 0
5354 0
5355 2
5356 2
5357 2
5358 0
5359 1
5360 0
5361 1
5362 1
5363 2
5364 2
5365 1
5366 1
5367 0
5368 0
5369 0
5370 2
5371 1
5372 1
5373 0
5374 1
5375 1
5376 1
5377 0
5378 1
5379 1
5380 1
5381 1
5382 1
5383 0
5384 2
5385 0
5386 0
5387 2
5388 1
5389 0
5390 0
5391 0
5392 1
5393 1
5394 0
5395 0
5396 0
5397 2
5398 2
5399 1
5400 1
5401 1
5402 1
5403 2
5404 1
5405 1
5406 0
5407 1
5408 1
5409 1
5410 0
5411 2
5412 2
5413 2
5414 2
5415 1
5416 0
5417 1
5418 1
5419 2
5420 2
5421 1
5422 1
5423 1
5424 2
5425 2
5426 2
5427 2
5428 2
5429 1
5430 2
5431 1
5432 1
5433 2
5434 1
5435 1
5436 0
5437 0
5438 2
5439 1
5440 1
5441 1
5442 1
5443 1
5444 1
5445 1
5446 2
5447 0
5448 1
5449 0
5450 0
5451 2
5452 0
5453 1
5454 2
5455 2
5456 0
5457 0
5458 2
5459 0
5460 1
5461 1
5462 1
5463 2
5464 0
5465 1
5466 1
5467 2
5468 1
5469 1
5470 2
5471 2
5472 2
5473 1
5474 1
5475 0
5476 0
5477 0
5478 1
5479 2
5480 1
5481 1
5482 2
5483 1
5484 1
5485 1
5486 1
5487 1
5488 1
5489 1
5490 2
5491 2
5492 1
5493 1
5494 1
5495 1
5496 1
5497 1
5498 1
5499 0
5500 2
5501 1
5502 2
5503 1
5504 1
5505 1
5506 2
5507 2
5508 0
5509 0
5510 0
5511 0
5512 2
5513 2
5514 2
5515 1
5516 1
5517 1
5518 2
5519 2
5520 2
5521 2
5522 1
5523 1
5524 2
5525 1
5526 2
5527 1
5528 0
5529 2
5530 1
5531 1
5532 0
5533 2
5534 0
5535 0
5536 0
5537 0
5538 2
5539 1
5540 2
5541 2
5542 1
5543 2
5544 2
5545 2
5546 0
5547 1
5548 1
5549 0
5550 0
5551 1
5552 1
5553 2
5554 2
5555 1
5556 2
5557 2
5558 1
5559 2
5560 2
5561 1
5562 1
5563 1
5564 1
5565 1
5566 1
5567 1
5568 1
5569 1
5570 0
5571 2
5572 1
5573 2
5574 2
5575 1
5576 1
5577 1
5578 2
5579 1
5580 0
5581 1
5582 1
5583 2
5584 2
5585 1
5586 1
5587 1
5588 1
5589 0
5590 2
5591 1
5592 2
5593 2
5594 1
5595 1
5596 2
5597 1
5598 2
5599 1
5600 0
5601 1
5602 1
5603 1
5604 1
5605 1
5606 1
5607 0
5608 0
5609 0
5610 2
5611 1
5612 1
5613 1
5614 1
5615 1
5616 0
5617 2
5618 0
5619 0
5620 0
5621 0
5622 0
5623 0
5624 0
5625 0
5626 1
5627 2
5628 0
5629 0
5630 1
5631 2
5632 0
5633 1
5634 1
5635 2
5636 0
5637 1
5638 1
5639 0
5640 1
5641 1
5642 1
5643 2
5644 2
5645 2
5646 2
5647 2
5648 2
5649 1
5650 2
5651 1
5652 2
5653 0
5654 1
5655 2
5656 1
5657 1
5658 2
5659 0
5660 1
5661 0
5662 1
5663 0
5664 1
5665 2
5666 1
5667 2
5668 1
5669 1
5670 2
5671 2
5672 2
5673 0
5674 2
5675 2
5676 1
5677 1
5678 0
5679 2
5680 1
5681 2
5682 0
5683 1
5684 2
5685 0
5686 1
5687 2
5688 1
5689 1
5690 1
5691 0
5692 2
5693 1
5694 1
5695 1
5696 1
5697 0
5698 1
5699 1
5700 1
5701 0
5702 2
5703 1
5704 2
5705 2
5706 2
5707 2
5708 1
5709 1
5710 2
5711 2
5712 1
5713 2
5714 1
5715 2
5716 1
5717 1
5718 1
5719 2
5720 1
5721 1
5722 2
5723 0
5724 2
5725 1
5726 1
5727 1
5728 1
5729 1
5730 1
5731 1
5732 1
5733 1
5734 2
5735 1
5736 2
5737 2
5738 1
5739 1
5740 1
5741 1
5742 1
5743 1
5744 1
5745 0
5746 1
5747 0
5748 0
5749 0
5750 0
5751 0
5752 2
5753 1
5754 1
5755 2
5756 1
5757 1
5758 2
5759 1
5760 1
5761 1
5762 2
5763 0
5764 1
5765 1
5766 2
5767 1
5768 1
5769 1
5770 1
5771 1
5772 2
5773 1
5774 0
5775 1
5776 2
5777 0
5778 2
5779 1
5780 2
5781 0
5782 1
5783 1
5784 1
5785 1
5786 1
5787 1
5788 2
5789 2
5790 0
5791 2
5792 1
5793 2
5794 1
5795 1
5796 2
5797 2
5798 1
5799 1
5800 1
5801 2
5802 1
5803 1
5804 1
5805 2
5806 1
5807 1
5808 1
5809 1
5810 1
5811 1
5812 2
5813 1
5814 1
5815 1
5816 1
5817 1
5818 1
5819 2
5820 0
5821 1
5822 0
5823 2
5824 1
5825 2
5826 2
5827 2
5828 2
5829 1
5830 2
5831 2
5832 2
5833 1
5834 2
5835 2
5836 2
5837 1
5838 1
5839 1
5840 1
5841 2
5842 1
5843 2
5844 1
5845 1
5846 1
5847 2
5848 1
5849 0
5850 2
5851 0
5852 0
5853 0
5854 1
5855 1
5856 1
5857 1
5858 2
5859 2
5860 2
5861 1
5862 1
5863 1
5864 1
5865 1
5866 2
5867 2
5868 1
5869 0
5870 1
5871 1
5872 2
5873 1
5874 1
5875 1
5876 0
5877 1
5878 1
5879 1
5880 1
