1 1
3 2
49 3
79 3
111 0
112 3
113 2
196 2
213 2
250 0
257 0
275 1
277 2
286 0
287 1
304 2
409 0
432 2
440 2
445 2
456 2
472 2
473 3
485 0
486 0
508 0
513 2
517 0
518 0
539 1
545 1
579 3
588 2
610 1
617 3
619 2
627 1
629 0
630 0
654 1
666 1
667 0
668 0
681 0
684 0
696 3
718 0
719 0
720 0
721 1
722 1
766 1
772 0
781 0
792 0
793 0
799 1
800 1
801 0
829 0
846 0
847 3
848 1
868 2
880 0
881 0
882 0
883 0
884 1
885 0
886 3
906 0
907 0
908 0
924 0
925 1
934 1
935 3
940 0
946 2
1051 2
1073 2
1094 0
1118 2
1119 2
1235 2
1264 3
1426 2
1457 2
1473 2
1476 2
1494 1
1569 2
1588 2
1590 2
1638 2
1705 3
1733 2
1919 3
1929 2
1930 0
1931 2
2043 2
2057 0
2117 1
2126 1
2144 3
2191 2
2192 2
2209 2
2210 2
2211 0
2212 0
2254 2
2268 2
2273 2
2324 2
2368 2
2402 1
2429 0
2449 2
2472 0
2484 3
2506 2
2599 2
2605 2
2641 2
2670 2
2673 0
2682 3
2767 2
2791 2
2818 2
2918 2
2954 2
2956 2
2977 2
3027 2
3056 3
3097 2
3147 1
3234 2
3256 1
3273 2
3278 2
3344 2
3347 2
3357 2
3426 2
3473 2
3509 3
3531 2
3638 2
3666 2
3711 1
3719 2
3723 2
3744 3
3804 1
3809 2
3863 3
3921 2
3934 2
3948 2
3955 2
3966 2
3979 2
4090 2
4097 2
4210 2
4283 3
4295 3
4297 2
4355 2
4413 2
4533 2
4536 2
4544 1
4559 1
4563 3
4568 3
4603 2
4617 2
4630 2
4678 2
4682 3
4684 2
4697 2
4705 2
4717 2
4802 2
4844 2
4857 2
4864 3
4951 2
4986 2
4993 1
5011 0
5012 1
5017 0
5018 1
5025 0
5032 0
5036 0
5049 2
5053 0
5054 0
5066 1
5067 3
5100 0
5107 2
5110 0
5111 0
5112 1
5118 3
5146 2
5153 2
5161 2
5172 0
5173 1
5189 3
5216 2
5220 3
5224 0
5225 0
5239 2
5277 2
5278 2
5285 0
5293 3
5303 2
5320 3
5329 2
5392 2
5414 2
5465 2
5467 0
5477 1
5478 0
5479 0
5480 2
5481 0
5482 0
5483 0
5484 0
5485 1
5486 1
5488 1
5493 3
5502 2
5543 1
5544 0
5545 1
5546 3
5547 0
5554 2
5558 0
5566 0
5571 3
5577 1
5578 0
5583 2
5597 1
5600 2
5602 3
5605 2
5610 3
5637 3
5644 2
5650 2
5676 0
5677 1
5679 2
5682 0
5720 3
5727 0
5730 2
5733 2
5735 1
5746 3
5754 0
5766 1
5827 0
5839 0
5843 1
5844 1
5848 2
5854 0
5855 2
5880 2
5885 0
5887 0
5893 1
5901 2
5915 3
5932 2
5946 3
5958 2
5966 3
5970 0
5980 0
5998 2
6010 3
6012 1
6013 1
6014 0
6015 1
6016 1
6017 1
6019 2
6021 1
6023 2
6048 3
6055 2
6076 2
6086 2
6095 2
6096 2
6104 3
6107 3
6128 0
6129 0
6136 2
6144 1
6146 1
6148 3
6152 1
6181 0
6205 3
6211 2
6214 2
6233 0
6243 2
6246 2
6249 0
6250 0
6251 1
6256 1
6260 2
6269 3
6275 0
6290 2
6319 2
6343 2
6354 2
6373 2
6380 0
6386 0
6392 1
6409 0
6415 1
6421 0
6423 0
6429 0
6430 1
6431 1
6437 1
6445 2
6455 0
6462 1
6463 1
6465 0
6468 1
6469 0
6473 0
6475 1
6476 1
6477 0
6484 0
6485 1
6491 0
6510 1
6515 3
6521 1
6523 0
6530 2
6531 0
6534 0
6535 1
6540 3
6544 0
6556 0
6561 3
6568 2
6569 0
6572 0
6592 1
6601 3
6607 2
6610 1
6621 0
6647 1
6648 2
6651 2
6655 2
6692 0
6696 3
6712 3
6713 3
6724 0
6725 1
6729 1
6736 2
6739 0
6741 3
6748 0
6749 0
6750 1
6751 0
6755 3
6758 3
6775 0
6776 0
6782 0
6788 2
6790 1
6793 1
6800 2
6805 0
6809 0
6824 0
6845 1
6853 3
6866 3
6869 1
6870 3
6883 2
6891 0
6894 0
6897 1
6899 0
6903 1
6904 1
6908 1
6910 0
6911 3
6924 1
6936 1
6941 1
6943 1
6944 3
6945 3
6953 2
6964 3
6967 1
6971 3
6972 0
6974 0
6979 0
6986 0
6987 0
6994 3
6998 2
7014 0
7019 1
7031 2
7034 1
7040 2
7043 0
7044 1
7050 0
7054 1
7058 3
7063 0
7067 3
7072 1
7073 1
7074 0
7077 3
7079 1
7085 3
7096 2
7101 2
7104 1
7105 0
7106 1
7108 3
7109 1
7111 1
7119 3
7122 1
7128 3
7132 0
7139 2
7140 0
7143 1
7150 0
7159 1
7162 3
7164 0
7168 0
7169 3
7173 1
7183 2
7187 2
7208 0
7237 1
7242 3
7246 0
7248 1
7253 1
7255 0
7257 0
7266 0
7267 1
7268 1
7283 3
7288 1
7299 2
7300 1
7312 1
7313 1
7319 0
7327 1
7328 1
7329 0
7330 0
7342 2
7346 0
7347 0
7353 0
7354 0
7355 0
7366 0
7367 0
7388 1
7389 0
7403 0
7404 0
7405 1
7406 1
7446 3
7447 2
7457 2
7458 3
7459 2
7473 0
7477 3
7485 2
7515 2
7520 0
7551 2
7562 3
7563 1
7564 0
7565 1
7572 0
7583 3
7588 1
7590 1
7596 0
7600 3
7607 2
7609 3
7617 2
7622 0
7626 3
7648 3
7653 2
7662 3
7669 2
7684 3
7693 3
7694 3
7695 2
7709 3
7727 3
7728 0
7730 3
7731 2
7736 0
7752 0
7758 0
7759 0
7771 3
7791 3
7794 2
7802 3
7814 3
7856 2
7860 2
7876 1
7890 3
7968 1
7971 0
7976 0
7980 3
7996 2
7999 1
8001 2
8002 1
8011 1
8018 2
8020 1
8024 1
8034 1
8037 2
8043 0
8044 1
8047 3
8050 3
8079 3
8089 0
8099 3
8105 3
8113 1
8114 1
8117 1
8124 0
8136 0
8140 0
8164 3
8179 0
8181 1
8186 1
8199 0
8212 1
8218 3
8222 0
8226 2
8230 3
8235 0
8243 2
8248 0
8272 3
8281 3
8282 0
8289 1
8298 3
8309 1
8312 3
8316 2
8320 0
8351 3
8363 0
8364 0
8369 0
8374 1
8381 1
8389 3
8393 3
8399 0
8405 0
8411 2
8412 3
8421 3
8443 0
8444 2
8455 3
8478 2
8481 3
8486 1
8488 1
8508 2
8545 3
8552 2
8553 1
8562 0
8563 1
8570 1
8571 0
8584 0
8586 0
8592 1
8600 0
8609 1
8613 0
8616 3
8617 3
8627 0
8633 0
8644 0
8646 2
8648 0
8649 0
8650 1
8651 1
8669 3
8673 0
8677 2
8689 0
8696 2
8697 1
8698 1
8699 0
8705 0
8725 0
8728 0
8729 1
8737 0
8739 3
8778 0
8783 0
8784 1
8785 0
8788 0
8805 0
8810 0
8818 1
8821 3
8832 1
8840 3
8847 1
8849 1
8854 1
8855 1
8856 3
8859 1
8860 1
8865 1
8866 0
8868 0
8872 0
8894 0
8898 1
8899 1
8900 1
8901 0
8902 0
8908 0
8917 3
8944 2
8954 1
8958 0
8964 1
8965 1
8966 0
8967 0
8991 0
8996 1
9019 0
9027 0
9034 1
9038 3
9046 1
9071 1
9072 1
9085 1
9094 3
9102 1
9117 1
9118 2
9132 2
9138 0
9142 1
9148 3
9154 3
9156 1
9158 3
9166 0
9171 0
9176 1
9187 2
9192 3
9194 3
9195 0
9199 0
9208 3
9209 3
9212 0
9217 3
9242 2
9248 1
9259 0
9278 3
9284 0
9291 0
9292 2
9296 3
9317 3
9333 3
9337 2
9339 3
9341 3
9348 3
9387 0
9393 2
9399 0
9400 0
9403 1
9406 2
9408 0
9413 2
9415 3
9428 3
9429 1
9431 3
9436 0
9449 0
9468 0
9474 1
9485 1
9487 1
9488 1
9495 1
9496 0
9497 1
9503 3
9505 0
9508 0
9513 2
9522 3
9541 0
9542 2
9544 0
9546 3
9554 0
9555 1
9557 1
9566 1
9576 0
9578 0
9583 1
9585 1
9588 3
9595 0
9604 3
9639 2
9659 3
9660 2
9661 1
9672 1
9673 3
9683 1
9699 0
9706 3
9730 0
9731 1
9745 1
9754 3
9774 3
9780 3
9790 0
9796 3
9825 2
9833 2
9836 3
9880 1
9886 2
9887 2
9958 0
9968 1
9978 2
9998 0
9999 1
10011 2
10015 0
10020 3
10027 0
10035 0
10046 0
10062 2
10069 1
10087 0
10090 0
10100 1
10151 1
10152 1
10155 1
10177 2
10191 2
10196 0
10208 1
10236 1
10237 0
10240 0
10244 2
10250 1
10252 0
10253 1
10254 0
10277 3
10283 0
10285 3
10287 1
10295 0
10296 0
10300 1
10305 0
10310 1
10314 0
10315 1
10326 1
10332 2
10338 0
10340 3
10349 1
10351 0
10352 1
10353 3
10366 0
10382 2
10393 2
10396 1
10398 0
10408 0
10409 0
10427 1
10432 1
10433 0
10443 1
10459 0
10465 0
10470 1
10471 1
10474 1
10481 0
10482 2
10485 1
10489 3
10491 0
10505 3
10509 0
10511 1
10519 1
10535 3
10539 2
10542 2
10554 1
10556 1
10574 3
10575 1
10576 1
10578 0
10589 1
10590 3
10599 1
10607 0
10615 2
10618 1
10652 0
10662 1
10668 3
10680 3
10682 2
10684 0
10688 0
10696 1
10700 1
10706 1
10707 1
10711 1
10712 1
10719 0
10725 2
10740 2
10746 1
10773 2
10787 0
10790 0
10798 0
10799 0
10800 0
10801 0
10814 1
10833 0
10834 1
10855 1
10858 0
10860 1
10865 3
10874 0
10876 0
10882 1
10883 1
10892 1
10893 1
10904 2
10905 1
10906 1
10913 0
10918 1
10920 1
10921 1
10970 3
10975 1
10978 2
10980 0
10982 3
10984 1
10986 0
10988 0
11003 2
11014 1
11030 0
11031 0
11032 0
11033 0
11034 0
11039 2
11087 2
11106 1
11133 2
11142 3
11167 1
11179 3
11211 3
11231 1
11244 3
11253 3
11274 3
11276 2
11289 1
11322 3
11324 3
11326 0
11331 0
11332 1
11336 0
11339 0
11350 2
11351 2
11360 3
11401 3
11405 0
11406 0
11407 3
11417 2
11433 1
11439 1
11442 1
11444 3
11448 1
11449 0
11452 0
11472 3
11480 1
11487 2
11488 1
11489 1
11491 0
11502 1
11506 3
11509 2
11514 0
11515 1
11548 0
11555 1
11556 2
11572 3
11580 1
11602 0
11604 2
11607 1
11608 3
11658 2
11667 3
11669 3
11688 2
11705 1
11706 1
11707 0
11708 0
11720 3
11736 0
11737 3
11739 0
11744 3
11763 3
11772 0
11773 0
11785 3
11803 2
11807 3
11822 0
11829 3
11833 3
11839 2
11855 3
11862 0
11878 3
11879 2
11880 3
11885 2
11904 1
11905 2
11927 3
11942 0
11954 2
11964 1
11974 2
11984 3
11988 2
12009 2
12042 3
12061 3
12077 1
12083 0
12086 0
12096 1
12101 2
12112 2
12121 1
12151 2
12158 0
12169 0
12170 0
12171 1
12183 3
12278 3
12295 3
12302 1
12311 1
12312 2
12343 1
12350 0
12362 3
12388 0
12394 1
12395 1
12399 0
12418 3
12423 2
12432 1
12446 1
12464 0
12465 1
12474 0
12482 0
12484 0
12489 1
12491 2
12493 0
12496 3
12501 0
12507 1
12509 1
12520 1
12537 3
12538 2
12578 2
12582 0
12600 2
12602 2
12621 2
12622 3
12632 0
12638 2
12646 3
12647 3
12649 2
12652 0
12654 0
12655 0
12674 3
12688 2
12690 3
12694 3
12698 1
12734 2
12744 3
12770 0
12772 0
12773 1
12775 1
12779 2
12783 1
12787 0
12790 0
12791 0
12829 1
12832 0
12860 0
12865 2
12867 1
12872 1
12873 0
12874 1
12896 3
12916 1
12917 1
12930 2
12937 3
12955 1
12958 0
12963 3
12967 2
12976 1
13005 1
13007 2
13024 1
13025 1
13029 2
13030 1
13032 0
13044 1
13092 3
13093 1
13094 0
13096 1
13097 1
13145 2
13155 2
13179 3
13185 3
13196 3
13221 3
13224 1
13230 1
13232 0
13235 3
13281 2
13294 3
13315 2
13326 0
13345 3
13361 2
13392 3
13394 2
13414 2
13431 0
13437 0
13446 3
13463 2
13472 0
13481 3
13492 3
13495 0
13496 0
13497 0
13498 1
13505 0
13507 1
13534 3
13538 2
13545 3
13562 2
13575 2
13577 3
13590 2
13591 0
13620 3
13627 2
13649 2
13653 0
13658 1
13663 2
13674 2
13680 3
13693 2
13718 3
13720 2
13728 2
13734 3
13740 3
13777 0
13779 3
13794 0
13830 1
13833 2
13834 0
13845 0
13851 1
13872 2
13877 2
13885 1
13892 1
13919 2
13928 0
13929 2
13964 2
13967 0
13974 1
13988 2
14007 1
14022 0
14024 0
14051 2
14058 3
14064 3
14077 0
14078 1
14092 1
14103 2
14112 1
14119 0
14123 2
14141 2
14146 1
14147 0
14181 1
14182 0
14183 1
14190 0
14193 2
14220 2
14236 2
14239 2
14244 2
14249 0
14250 0
14255 0
14262 1
14263 2
14308 2
14310 1
14311 3
14312 0
14313 0
14318 1
14320 0
14322 1
14329 2
14344 1
14346 3
14348 0
14365 1
14368 2
14376 0
14394 1
14395 2
14396 1
14398 3
14431 0
14450 3
14469 2
14473 3
14488 2
14491 1
14505 3
14508 3
14519 1
14544 1
14555 0
14563 2
14596 2
14604 1
14610 1
14612 3
14615 1
14635 2
14649 0
14679 3
14697 2
14704 3
14706 1
14709 2
14718 1
14725 3
14742 3
14752 2
14780 1
14781 3
14785 3
14812 3
14817 2
14825 2
14842 2
14884 0
14885 3
14896 1
14897 0
14899 0
14928 3
14933 0
14952 3
14972 0
14978 1
14999 1
15018 0
15021 3
15030 3
15041 0
15044 1
15072 0
15081 3
15087 0
15095 3
15109 3
15132 0
15141 0
15155 3
15164 1
15167 0
15185 1
15191 3
15207 3
15212 3
15217 2
15247 2
15248 2
15249 1
15255 3
15275 2
15276 2
15287 0
15332 1
15333 2
15336 2
15337 0
15345 1
15371 2
15379 0
15415 1
15416 0
15420 1
15442 1
15453 0
15505 1
15510 1
15517 1
15532 0
15536 1
15540 3
15558 1
15580 2
15615 0
15628 0
15637 2
15638 2
15639 3
15649 2
15653 0
15675 3
15682 2
15689 1
15694 1
15699 0
15705 2
15706 1
15708 1
15710 1
15711 1
15715 2
15730 1
15750 0
15767 2
15769 2
15770 1
15772 0
15774 3
15775 1
15776 2
15790 0
15821 3
15842 0
15851 2
15864 2
15871 3
15873 3
15893 3
15895 2
15910 3
15947 3
15952 1
15975 3
15983 2
15991 3
15999 2
16016 3
16033 1
16037 3
16038 1
16053 3
16078 2
16083 2
16085 1
16090 0
16094 1
16108 0
16129 3
16140 1
16141 3
16142 3
16145 0
16149 0
16152 3
16170 2
16173 3
16175 1
16178 1
16188 0
16212 1
16215 1
16218 2
16219 0
16227 1
16247 2
16262 2
16278 0
16285 3
16299 3
16315 1
16323 0
16345 0
16349 2
16364 2
16412 2
16442 0
16443 3
16450 0
16457 0
16471 1
16496 2
16500 2
16562 2
16569 2
16575 1
16586 3
16596 1
16603 1
16609 0
16621 3
16652 0
16653 1
16654 1
16674 1
16676 1
16677 2
16681 3
16683 3
16716 3
16723 2
16725 3
16730 3
16747 3
16754 3
16756 3
16757 2
16769 2
16771 3
16777 3
16782 2
16810 2
16826 3
16837 2
16850 3
16883 3
16887 1
16890 0
16902 1
16905 2
16915 3
16920 2
16935 2
16936 1
16937 1
16940 1
16944 2
16945 3
16947 3
16952 2
16961 3
16995 3
17013 3
17016 0
17030 1
17040 0
17070 0
17127 2
17154 2
17156 2
17157 2
17209 2
17228 2
17233 1
17245 1
17256 2
17263 3
17266 0
17285 3
17288 1
17307 1
17318 1
17325 0
17327 3
17350 3
17352 2
17353 2
17410 2
17417 1
17418 0
17419 1
17433 3
17434 3
17442 3
17497 2
17499 3
17504 3
17511 2
17537 3
17538 0
17583 3
17593 0
17605 3
17629 2
17630 3
17633 0
17636 3
17643 1
17652 1
17653 1
17662 0
17678 3
17681 1
17688 3
17696 3
17713 3
17730 3
17762 1
17784 3
17813 3
17815 2
17817 2
17828 2
17836 2
17868 3
17894 2
17898 3
17907 2
17932 2
17938 3
17963 0
17968 3
17975 1
17979 1
17980 3
17981 1
17989 0
18008 1
18019 3
18056 1
18062 3
18065 2
18073 1
18079 2
18103 1
18113 1
18114 1
18115 1
18134 0
18142 3
18168 3
18175 1
18207 2
18209 2
18210 0
18218 1
18227 0
18228 1
18229 1
18230 3
18232 2
18252 1
18254 1
18257 3
18268 3
18289 3
18296 2
18297 0
18312 3
18325 2
18331 0
18335 2
18379 3
18395 2
18399 3
18405 2
18416 2
18426 3
18445 2
18471 3
18479 2
18481 2
18484 2
18491 2
18501 3
18545 3
18566 3
18584 0
18586 2
18612 1
18650 2
18665 3
18669 3
18676 0
18687 1
18688 0
18692 3
18699 2
18719 0
18720 0
18742 0
18760 1
18763 3
18767 1
18769 3
18778 1
18791 3
18811 2
18818 3
18831 2
18840 3
18850 1
18859 3
18867 3
18877 3
18889 1
18909 0
18915 2
18919 2
18955 3
18967 3
18971 2
18989 1
19011 2
19041 2
19060 2
19062 2
19075 3
19082 3
19112 0
19208 3
19226 3
19264 1
19286 2
19300 1
19301 1
19314 1
19328 1
19332 2
19339 3
19355 3
19357 3
19393 3
19430 3
19452 2
19457 3
19460 2
19513 2
19516 3
19549 3
19552 3
19555 0
19567 3
19580 2
19581 3
19586 3
19594 3
19606 2
19611 3
19635 2
19637 2
19642 3
19675 1
19678 3
19689 3
19701 3
19705 3
19720 2
19749 0
19755 1
19756 2
19761 3
19765 3
19772 3
19775 2
19778 1
19779 3
19783 3
19801 2
19834 3
19841 1
19846 3
19861 0
19874 3
19900 1
19909 0
19936 2
19942 3
19954 3
19969 3
20002 3
20006 3
20022 3
20043 1
20072 0
20099 2
20106 0
20117 3
20149 0
20150 1
20162 3
20182 3
20252 3
20263 2
20270 0
20271 2
20318 2
20331 3
20346 3
20350 3
20354 0
20355 1
20364 2
20371 0
20372 1
20385 2
20390 2
20391 1
20441 3
20456 2
20519 3
20553 2
20555 2
20577 1
20581 3
20582 3
20583 3
20584 3
20586 3
20588 0
20590 1
20616 3
20622 2
20635 2
20656 1
20657 0
20682 1
20708 2
20726 2
20740 3
20749 2
20765 3
20797 2
20810 1
20815 1
20839 2
20865 3
20868 3
20889 2
20894 3
20902 3
20921 0
20928 1
20929 1
20944 3
20952 2
20958 2
20973 3
20976 2
20989 3
20992 3
21002 3
21004 3
21012 3
21026 2
21045 3
21047 3
21072 3
21123 0
21125 1
21126 2
21150 1
21153 3
21166 2
21169 2
21191 2
21196 1
21204 0
21205 0
21207 2
21224 0
21241 3
21268 0
21289 3
21308 2
21311 3
21312 3
21314 1
21318 1
21326 3
21345 3
21346 3
21355 3
21363 3
21368 3
21373 1
21377 3
21399 3
21410 0
21422 2
21432 3
21469 3
21505 3
21563 3
21578 2
21588 0
21592 2
21601 2
21608 2
21614 3
21615 2
21644 2
21656 3
21664 3
21666 3
21667 2
21675 2
21704 2
21710 1
21715 1
21719 1
21728 2
21729 0
21734 2
21762 3
21781 0
21806 2
21878 3
21883 3
21888 2
21903 3
21911 3
21915 2
21919 1
21938 0
21939 2
21946 3
21950 3
22007 1
22008 3
22012 1
22013 1
22015 3
22036 1
22049 3
22051 1
22053 3
22056 1
22067 2
22079 3
22082 2
22099 2
22104 0
22108 0
22125 3
22146 2
22150 2
22178 3
22179 3
22181 3
22190 1
22197 3
22217 1
22219 0
22224 1
22240 1
22242 1
22262 2
22267 3
22273 2
22286 3
22289 1
22317 2
22325 3
22334 3
22341 1
22346 3
22368 3
22393 0
22398 1
22404 3
22411 3
22419 0
22420 3
22425 1
22426 1
22432 0
22440 3
22446 2
22451 0
22463 1
22472 2
22481 3
22482 0
22491 3
22508 3
22513 2
22515 0
22517 3
22522 1
22533 0
22555 0
22556 1
22577 0
22590 1
22592 0
22598 3
22605 2
22607 1
22609 1
22610 2
22616 1
22618 1
22619 1
22624 1
22634 0
22647 3
22660 2
