0 1
1 1
2 1
3 1
4 0
5 1
6 1
7 0
8 0
9 1
10 1
11 1
12 1
13 0
14 1
15 1
16 1
17 1
18 1
19 1
20 1
21 1
22 1
23 1
24 1
25 0
26 1
27 1
28 1
29 1
30 1
31 1
32 1
33 1
34 0
35 1
36 1
37 1
38 1
39 1
40 1
41 0
42 1
43 1
44 1
45 1
46 1
47 1
48 1
49 1
50 1
51 1
52 1
53 1
54 1
55 1
56 0
57 1
58 1
59 1
60 1
61 0
62 0
63 1
64 1
65 1
66 1
67 1
68 1
69 1
70 1
71 0
72 1
73 0
74 1
75 1
76 1
77 0
78 1
79 1
80 1
81 1
82 1
83 0
84 0
85 0
86 1
87 1
88 1
89 1
90 0
91 1
92 1
93 1
94 1
95 1
96 0
97 1
98 0
99 0
100 1
101 0
102 1
103 1
104 0
105 1
106 1
107 0
108 0
109 1
110 1
111 0
112 0
113 1
114 0
115 0
116 1
117 0
118 0
119 1
120 1
121 1
122 1
123 1
124 0
125 1
126 1
127 1
128 1
129 1
130 1
131 0
132 1
133 1
134 0
135 1
136 1
137 1
138 1
139 1
140 1
141 1
142 1
143 1
144 1
145 1
146 0
147 1
148 1
149 1
150 1
151 0
152 1
153 0
154 1
155 0
156 1
157 1
158 1
159 1
160 1
161 1
162 1
163 0
164 1
165 0
166 1
167 1
168 0
169 1
170 0
171 1
172 0
173 1
174 1
175 1
176 1
177 1
178 1
179 1
180 1
181 1
182 1
183 1
184 0
185 1
186 0
187 0
188 1
189 0
190 1
191 1
192 1
193 0
194 0
195 1
196 1
197 1
198 1
199 1
200 1
201 1
202 0
203 1
204 1
205 1
206 1
207 1
208 0
209 1
210 1
211 1
212 1
213 0
214 1
215 1
216 1
217 0
218 1
219 0
220 0
221 1
222 1
223 0
224 1
225 1
226 1
227 1
228 1
229 1
230 0
231 1
232 1
233 1
234 1
235 0
236 1
237 1
238 1
239 1
240 1
241 0
242 1
243 1
244 1
245 0
246 1
247 1
248 1
249 1
250 0
251 1
252 1
253 1
254 1
255 1
256 1
257 1
258 1
259 1
260 1
261 0
262 0
263 1
264 0
265 1
266 1
267 1
268 1
269 1
270 0
271 1
272 0
273 1
274 1
275 1
276 1
277 1
278 1
279 1
280 1
281 1
282 1
283 1
284 1
285 0
286 1
287 1
288 1
289 1
290 1
291 1
292 1
293 1
294 0
295 0
296 1
297 0
298 1
299 0
300 1
301 1
302 1
303 0
304 0
305 1
306 1
307 1
308 1
309 1
310 1
311 0
312 1
313 1
314 1
315 1
316 0
317 0
318 1
319 1
320 1
321 1
322 1
323 1
324 1
325 0
326 1
327 1
328 1
329 1
330 1
331 1
332 1
333 1
334 1
335 1
336 1
337 1
338 1
339 0
340 0
341 1
342 1
343 1
344 1
345 1
346 1
347 0
348 0
349 1
350 1
351 1
352 1
353 1
354 1
355 1
356 1
357 1
358 1
359 1
360 1
361 1
362 1
363 1
364 0
365 1
366 1
367 1
368 1
369 1
370 1
371 1
372 1
373 1
374 0
375 1
376 1
377 1
378 1
379 1
380 0
381 1
382 1
383 1
384 1
385 1
386 1
387 1
388 1
389 0
390 1
391 0
392 1
393 1
394 1
395 0
396 1
397 1
398 1
399 1
400 1
401 0
402 1
403 0
404 1
405 0
406 1
407 1
408 0
409 1
410 1
411 1
412 1
413 1
414 0
415 1
416 1
417 0
418 0
419 1
420 1
421 1
422 1
423 1
424 1
425 0
426 0
427 1
428 0
429 1
430 1
431 0
432 1
433 1
434 1
435 1
436 0
437 1
438 1
439 1
440 0
441 1
442 1
443 0
444 1
445 1
446 1
447 1
448 1
449 1
450 1
451 1
452 1
453 1
454 1
455 1
456 1
457 1
458 1
459 1
460 1
461 0
462 1
463 1
464 0
465 0
466 1
467 0
468 1
469 1
470 0
471 1
472 1
473 1
474 1
475 1
476 1
477 0
478 1
479 0
480 0
481 1
482 1
483 1
484 0
485 1
486 1
487 1
488 1
489 1
490 1
491 1
492 1
493 0
494 1
495 1
496 0
497 1
498 1
499 1
500 1
501 0
502 1
503 0
504 1
505 1
506 0
507 1
508 0
509 1
510 0
511 1
512 1
513 1
514 1
515 1
516 0
517 0
518 0
519 0
520 0
521 0
522 0
523 0
524 0
525 0
526 0
527 0
528 0
529 0
530 0
531 0
532 0
533 0
534 0
535 0
536 0
537 0
538 0
539 0
540 0
541 0
542 0
543 0
544 0
545 0
546 0
547 0
548 0
549 0
550 0
551 0
552 0
553 0
554 0
555 0
556 0
557 0
558 0
559 0
560 0
561 0
562 0
563 0
564 0
565 0
566 0
567 0
568 0
569 0
570 0
571 0
572 0
573 0
574 0
575 0
576 0
577 0
578 0
579 0
580 0
581 0
582 0
583 0
584 0
585 0
586 0
587 0
588 0
589 0
590 0
591 0
592 0
593 0
594 0
595 0
596 0
597 0
598 0
599 0
600 0
601 0
602 0
603 0
604 0
605 0
606 0
607 0
608 0
609 0
610 0
611 0
612 0
613 0
614 0
615 0
616 0
617 0
618 0
619 0
620 0
621 0
622 0
623 0
624 0
625 0
626 0
627 0
628 0
629 0
630 0
631 0
632 0
633 0
634 0
635 0
636 0
637 0
638 0
639 0
640 0
641 0
642 0
643 0
644 0
645 0
646 0
647 0
648 0
649 0
650 0
651 0
652 0
653 0
654 0
655 0
656 0
657 0
658 0
659 0
660 0
661 0
662 0
663 0
664 0
665 0
666 0
667 0
668 0
669 0
670 0
671 0
672 0
673 0
674 0
675 0
676 0
677 0
678 0
679 0
680 0
681 0
682 0
683 0
684 0
685 0
686 0
687 0
688 0
689 0
690 0
691 0
692 0
693 0
694 0
695 0
696 0
697 0
698 0
699 0
700 0
701 0
702 0
703 0
704 0
705 0
706 0
707 0
708 0
709 0
710 0
711 0
712 0
713 0
714 0
715 0
716 0
717 0
718 0
719 0
720 0
721 0
722 0
723 0
724 0
725 0
726 0
727 0
728 0
729 0
730 0
731 0
732 0
733 0
734 0
735 0
736 0
737 0
738 0
739 0
740 0
741 0
742 0
743 0
744 0
745 0
746 0
747 0
748 0
749 0
750 0
751 0
752 0
753 0
754 0
755 0
756 0
757 0
758 0
759 0
760 0
761 0
762 0
763 0
764 0
765 0
766 0
767 0
768 0
769 0
770 0
771 0
772 0
773 0
774 0
775 0
776 0
777 0
778 0
779 0
780 0
781 0
782 0
783 0
784 0
785 0
786 0
787 0
788 0
789 0
790 0
791 0
792 0
793 0
794 0
795 0
796 0
797 0
798 0
799 0
